4 0.20290619134902954 0.3019562065601349 0.024113159626722336 0.03093058243393898
8 0.4097042381763458 0.15107541461734558 0.020233124494552612 0.03490016609430313
4 0.28588858246803284 0.4260292053222656 0.016779113560914993 0.02861759439110756
4 0.7905766367912292 0.12597393989562988 0.016404908150434494 0.02095112018287182
4 0.876625120639801 0.1591693013906479 0.016190368682146072 0.028109110891819
4 0.6231387257575989 0.4485795795917511 0.015767456963658333 0.020433146506547928
4 0.9679621458053589 0.42631641030311584 0.02025604248046875 0.02079455554485321
8 0.6356456550963434 0.23036651174125247 0.021538512781262398 0.028296854346990585
4 0.8222256898880005 0.3952379524707794 0.017784729599952698 0.025270018726587296
0 0.11528822034597397 0.5097858309745789 0.02547256462275982 0.02600671350955963
0 0.971165657043457 0.37789225578308105 0.024557922035455704 0.02248803712427616
4 0.8277215957641602 0.611082911491394 0.016237670555710793 0.02523726411163807
4 0.8490254878997803 0.5258823037147522 0.018047302961349487 0.02608923427760601
7 0.2788240313529968 0.3568306863307953 0.02240719646215439 0.02895979769527912
7 0.5357478857040405 0.1546981781721115 0.016303345561027527 0.031798940151929855
4 0.17638128995895386 0.1842615008354187 0.017450150102376938 0.021457357332110405
5 0.6756005883216858 0.5987533330917358 0.02249334752559662 0.02757556177675724
7 0.24893903732299805 0.29103708267211914 0.029122833162546158 0.02793324738740921
0 0.8144025802612305 0.24233373999595642 0.02612799033522606 0.02428409829735756
8 0.6328783631324768 0.3242006003856659 0.016349975019693375 0.0289711095392704
0 0.41750359535217285 0.2924107313156128 0.01961175538599491 0.03501129150390625
0 0.15232665836811066 0.3286009430885315 0.02581448294222355 0.023710815235972404
13 0.056518010795116425 0.38892269134521484 0.029018515720963478 0.017799926921725273
4 0.31420397758483887 0.18149133026599884 0.01737118512392044 0.021570658311247826
11 0.8306852579116821 0.42991435527801514 0.014675293117761612 0.02570190466940403
7 0.7177050709724426 0.47100844979286194 0.022052979096770287 0.030418090522289276
0 0.8742040991783142 0.5064784288406372 0.01656225509941578 0.02282409742474556
4 0.32146987318992615 0.6647305488586426 0.015084167942404747 0.02520292066037655
0 0.26418617367744446 0.49632003903388977 0.025114241987466812 0.02499975636601448
4 0.3271143138408661 0.645114004611969 0.012726410292088985 0.01807377114892006
4 0.19886502623558044 0.5005082488059998 0.024953018873929977 0.025273397564888
4 0.4710796915167095 0.3389031705227078 0.014138817480719865 0.029991431019708727
12 0.461439588688946 0.32519280205655526 0.012853470437017976 0.024850042844901454
4 0.45661953727506427 0.271636675235647 0.022493573264781547 0.025706940874035952
11 0.15102827763496143 0.5115681233933163 0.028277634961439587 0.02742073693230502
11 0.16002570694087404 0.36546700942587834 0.019280205655527 0.031705227077977655
4 0.18573264781491003 0.37489288774635815 0.024421593830334203 0.021422450728363317
12 0.14010282776349614 0.3847472150814053 0.020565552699228783 0.02570694087403602
0 0.256426735218509 0.17052270779777207 0.014138817480719794 0.023993144815766934
10 0.20565552699228792 0.1443873179091688 0.023136246786632383 0.028277634961439587
0 0.14910025706940874 0.2643530419880034 0.016709511568123395 0.023136246786632383
0 0.23875321336760927 0.610968294772922 0.016066838046272486 0.02570694087403602
0 0.2609254498714653 0.5424164524421593 0.025706940874035987 0.030848329048843156
0 0.20115681233933158 0.7497857754927163 0.011568123393316192 0.013710368466152544
0 0.24003856041131105 0.7013710368466153 0.00835475578406168 0.014567266495287043
4 0.2660668380462725 0.6910882604970009 0.02313624678663238 0.01799485861182518
0 0.5041773778920309 0.7420736932305055 0.014781491002570632 0.023993144815766955
0 0.48746786632390743 0.48329048843187666 0.01735218508997434 0.015424164524421613
12 0.8223007712082261 0.08868894601542417 0.016066838046272524 0.023136246786632394
0 0.8409383033419021 0.14867180805484145 0.016066838046272968 0.02656383890317057
12 0.7390745501285346 0.5844044558697515 0.015424164524421684 0.02913453299057416
0 0.7358611825192801 0.745929734361611 0.007712082262210771 0.01799485861182518
0 0.7769922879177378 0.7360754070265638 0.00899742930591259 0.01713796058269054
5 0.525706940874036 0.6362467866323906 0.015424164524421542 0.031705227077977724
12 0.4691516709511568 0.5042844901456727 0.012853470437017976 0.014567266495287043
12 0.46818766066838047 0.4862896315338473 0.010925449871465247 0.012853470437017976
12 0.6452442159383034 0.5149957155098543 0.012853470437017976 0.020565552699228745
0 0.37467866323907456 0.3783204798628963 0.014138817480719794 0.011139674378748908
0 0.31041131105398456 0.30676949443016277 0.014138817480719794 0.015424164524421578
0 0.33547557840616965 0.258783204798629 0.007712082262210771 0.011996572407883477
0 0.35829048843187666 0.18637532133676088 0.012210796915167138 0.019708654670094285
0 0.36375321336760924 0.1610968294772922 0.010282776349614409 0.010282776349614392
0 0.34704370179948585 0.16323907455012854 0.0051413881748072045 0.009425878320479857
12 0.34511568123393316 0.13967437874892888 0.014138817480719794 0.020565552699228763
0 0.35732647814910024 0.14138817480719795 0.010282776349614409 0.017137960582690646
0 0.4916452442159383 0.5526992287917738 0.010282776349614409 0.01713796058269068
0 0.541452442159383 0.46829477292202243 0.00835475578406168 0.00942587832047984
4 0.634961439588689 0.6752356469580121 0.015424164524421613 0.015424164524421684
12 0.5919023136246787 0.6649528706083976 0.011568123393316157 0.0359897172236505
4 0.4710796915167095 0.8260497000856898 0.011568123393316228 0.01713796058269068
4 0.583547557840617 0.8140531276778062 0.012853470437018046 0.020565552699228676
4 0.5780848329048842 0.7506426735218509 0.013496143958868884 0.01713796058269068
14 0.5276349614395888 0.4537275064267352 0.023136246786632383 0.023136246786632383
0 0.5690874035989717 0.4095972579263068 0.013496143958868884 0.018851756640959748
4 0.2602827763496144 0.803770351328192 0.016709511568123395 0.025706940874035952
0 0.68573264781491 0.48414738646101113 0.011568123393316086 0.022279348757497885
12 0.6137532133676092 0.5561268209083119 0.024421593830334275 0.011996572407883477
4 0.7776349614395887 0.5269922879177378 0.015424164524421684 0.022279348757497958
4 0.5764781491002571 0.5818337617823479 0.014138817480719722 0.02570694087403602
4 0.36311053984575836 0.4657240788346187 0.021850899742930564 0.012853470437018046
4 0.39138817480719795 0.5115681233933163 0.014138817480719722 0.011996572407883549
4 0.36343187660668375 0.803770351328192 0.022493573264781547 0.020565552699228676
8 0.637210796915167 0.586975149957155 0.027634961439588608 0.032562125107112296
12 0.699228791773779 0.5548414738646101 0.014138817480719865 0.024850042844901454
12 0.6391388174807199 0.532133676092545 0.021208226221079728 0.022279348757497815
5 0.16131105398457585 0.5492716366752356 0.016709511568123378 0.029134532990574086
0 0.880141388174807 0.35047129391602405 0.012210796915167209 0.013710368466152542
