0 0.7473912239074707 0.2799259424209595 0.022143250331282616 0.026895834133028984
4 0.7798213958740234 0.08653662353754044 0.021420104429125786 0.026993662118911743
0 0.15488431876606687 0.15381319622964867 0.02699228791773779 0.03513281919451586
0 0.13145959377288818 0.33767133951187134 0.022374054417014122 0.026063701137900352
0 0.26642364263534546 0.3614340126514435 0.023616699501872063 0.022282307967543602
0 0.3620125651359558 0.1371499001979828 0.018668152391910553 0.028681641444563866
0 0.413907915353775 0.22247380018234253 0.01827520690858364 0.029895324259996414
0 0.3575769364833832 0.434038907289505 0.019313598051667213 0.020739054307341576
0 0.2560849189758301 0.5219650268554688 0.017183059826493263 0.030134277418255806
0 0.2928273920688041 0.706286701159081 0.02278851345181465 0.015328695066273212
0 0.3185153305530548 0.6873664259910583 0.017338410019874573 0.02388269081711769
14 0.2805269922879177 0.6902313624678663 0.027634961439588716 0.035132819194516
0 0.21605266630649567 0.6934357285499573 0.025072738528251648 0.02925671450793743
0 0.2930231988430023 0.7311023473739624 0.022288452833890915 0.02025349996984005
0 0.3159322142601013 0.8015978336334229 0.022047240287065506 0.022838134318590164
0 0.2975624203681946 0.8536022305488586 0.014656494371592999 0.025484619662165642
0 0.230254665017128 0.9652881026268005 0.016004562377929688 0.027462484315037727
0 0.5627312064170837 0.7593203186988831 0.017231322824954987 0.025577636435627937
0 0.5042542815208435 0.6086496114730835 0.022063415497541428 0.031930338591337204
0 0.601492074430755 0.6563992989093907 0.02002270519733429 0.026164265349507332
0 0.6405901312828064 0.6173612475395203 0.018222535029053688 0.02999357134103775
0 0.7227458953857422 0.7224197387695312 0.018089355900883675 0.024889973923563957
0 0.7610542178153992 0.6890079975128174 0.01770782470703125 0.021994344890117645
0 0.5098562945437002 0.31999793092001166 0.014496673829853535 0.025470519438385963
0 0.413907915353775 0.22247380018234253 0.01827520690858364 0.029895324259996414
0 0.478568971157074 0.10134417563676834 0.013797760009765625 0.028415415436029434
0 0.5236601829528809 0.09690428525209427 0.020056823268532753 0.02344907633960247
0 0.8081673383712769 0.13884349167346954 0.024377990514039993 0.021913889795541763
0 0.7696529626846313 0.2755756080150604 0.01903356984257698 0.02877655066549778
0 0.8263229727745056 0.3510383665561676 0.022266358137130737 0.02172812819480896
0 0.9387375712394714 0.3732239305973053 0.029278015717864037 0.01940128579735756
0 0.20565552699228792 0.24250214224507283 0.023136246786632383 0.027420736932305054
13 0.3149100257069409 0.5329905741216795 0.02570694087403602 0.022279348757497815
13 0.19087403598971722 0.6705227077977721 0.026992287917737768 0.014567266495287043
0 0.20854755784061696 0.5668380462724936 0.01863753213367609 0.028277634961439518
0 0.1821979434447301 0.4562982005141388 0.012210796915167101 0.029991431019708584
0 0.09672236503856041 0.2973436161096829 0.01863753213367609 0.030848329048843225
0 0.10539845758354754 0.27206512425021423 0.025706940874036004 0.024850042844901454
0 0.16388174807197942 0.27249357326478146 0.024421593830334185 0.025706940874035987
14 0.19858611825192804 0.27934875749785776 0.024421593830334203 0.01713796058269068
0 0.23843187660668377 0.17523564695801197 0.024421593830334168 0.03170522707797776
0 0.25192802056555275 0.12339331619537275 0.028277634961439625 0.023993144815766917
0 0.10475578406169665 0.5021422450728363 0.019280205655527 0.032562125107112226
0 0.12339331619537275 0.5038560411311055 0.015424164524421578 0.01713796058269061
12 0.43798200514138813 0.9160239931448158 0.01992287917737791 0.030848329048843225
0 0.4897172236503855 0.8590402742073693 0.010282776349614409 0.02999143101970858
0 0.3791773778920309 0.7999143101970865 0.020565552699228818 0.029991431019708584
0 0.46883033419023135 0.7163667523564695 0.022493573264781474 0.01885175664095968
0 0.5073907455012854 0.7382176520994003 0.022493573264781547 0.014567266495287043
0 0.41002570694087404 0.5535561268209084 0.01799485861182518 0.02570694087403588
0 0.36375321336760924 0.6293916023993146 0.015424164524421542 0.03513281919451579
13 0.48682519280205655 0.27806341045415595 0.012210796915167138 0.03170522707797776
0 0.531491002570694 0.30719794344473006 0.024421593830334203 0.024850042844901454
0 0.7127249357326478 0.20822622107969152 0.011568123393316228 0.03941730934018849
0 0.7133676092544987 0.14738646101113967 0.014138817480719865 0.029134532990574103
0 0.7830976863753213 0.1546700942587832 0.02634961439588693 0.029991431019708675
0 0.875 0.23393316195372751 0.012210796915167067 0.032562125107112296
0 0.8393316195372751 0.3226221079691517 0.020565552699228818 0.028277634961439625
0 0.9116323907455012 0.3688946015424165 0.016066838046272524 0.028277634961439587
0 0.922879177377892 0.356898029134533 0.025706940874035952 0.01799485861182518
0 0.9260925449871464 0.29562982005141386 0.024421593830334133 0.023993144815766917
13 0.6838046272493572 0.5591259640102828 0.021850899742930495 0.023136246786632456
0 0.6645244215938304 0.5861182519280206 0.01799485861182518 0.02570694087403609
0 0.7249357326478149 0.6966580976863755 0.023136246786632456 0.023993144815766955
0 0.6580976863753213 0.805484147386461 0.02056555269922896 0.03770351328191936
0 0.7300771208226222 0.8517566409597258 0.023136246786632456 0.027420736932305085
0 0.7548200514138818 0.8127677806341046 0.018637532133676016 0.03170522707797787
0 0.834190231362468 0.7776349614395887 0.023136246786632456 0.029991431019708727
0 0.8110539845758354 0.7789203084832905 0.015424164524421542 0.029134532990574086
0 0.7223650385604112 0.7682090831191088 0.01799485861182518 0.029991431019708727
13 0.5645886889460154 0.7039417309340189 0.021208226221079797 0.026563838903170447
0 0.5562339331619538 0.6803770351328191 0.027634961439588678 0.037703513281919496
0 0.5186375321336761 0.6606683804627249 0.01670951156812336 0.029134532990574086
0 0.596401028277635 0.5925449871465296 0.020565552699228745 0.03341902313624679
0 0.5427377892030848 0.6019708654670094 0.010925449871465247 0.028277634961439518
13 0.5674807197943444 0.5634104541559555 0.00899742930591259 0.02827763496143966
13 0.47397172236503854 0.5522707797772065 0.014781491002570703 0.028277634961439518
12 0.5032133676092545 0.5089974293059126 0.014138817480719794 0.023993144815766955
13 0.49293059125964006 0.4914310197086547 0.014138817480719794 0.02656383890317052
12 0.47943444730077117 0.48671808054841476 0.015424164524421542 0.03427592116538129
12 0.4643316195372751 0.4897172236503856 0.013496143958868884 0.019708654670094247
0 0.44858611825192796 0.4901456726649529 0.02570694087403602 0.02742073693230502
0 0.4501928020565553 0.4434447300771208 0.025064267352185043 0.029991431019708727
12 0.4826478149100257 0.38817480719794345 0.021850899742930564 0.020565552699228745
0 0.40488431876606684 0.3770351328191945 0.01799485861182518 0.030848329048843225
0 0.4469794344473008 0.2802056555269923 0.025064267352185112 0.022279348757497815
12 0.40134961439588696 0.3174807197943445 0.01606683804627245 0.017994858611825214
0 0.5803341902313625 0.35732647814910024 0.019280205655527 0.022279348757497885
0 0.5986503856041131 0.3427592116538132 0.022493573264781547 0.02742073693230509
0 0.68573264781491 0.26820908311910885 0.01670951156812336 0.035989717223650325
0 0.7175449871465296 0.29134532990574125 0.023778920308483293 0.023993144815766917
0 0.6269280205655526 0.16709511568123392 0.017352185089974412 0.025706940874036004
0 0.5758354755784062 0.14824335904027422 0.017994858611825107 0.01885175664095973
0 0.5118894601542416 0.20222793487574978 0.02634961439588693 0.02742073693230502
0 0.5504498714652957 0.20651242502142245 0.016066838046272524 0.02227934875749785
0 0.5224935732647815 0.24207369323050557 0.014138817480719794 0.033419023136246825
0 0.3110539845758355 0.3817480719794345 0.03341902313624679 0.023136246786632383
0 0.7303984575835476 0.5141388174807199 0.009640102827763428 0.02742073693230502
0 0.7847043701799485 0.4974293059125964 0.014138817480719865 0.024850042844901454
0 0.8078406169665808 0.4130248500428449 0.025706940874035952 0.023993144815766955
0 0.8762853470437019 0.4207369323050557 0.019922879177377978 0.025706940874035952
0 0.9016709511568124 0.39931448157669236 0.029562982005141406 0.030848329048843225
0 0.6240359897172236 0.2707797772065124 0.01670951156812336 0.03941730934018849
0 0.4116323907455013 0.4027420736932305 0.021208226221079655 0.030848329048843156
0 0.40649100257069404 0.4687232219365896 0.019922879177377836 0.037703513281919426
0 0.407133676092545 0.6392459297343616 0.021208226221079728 0.037703513281919496
0 0.4334832904884318 0.7210796915167096 0.01863753213367609 0.026563838903170447
12 0.4132390745501285 0.6795201371036846 0.021850899742930637 0.029134532990574086
0 0.3884961439588689 0.6855184233076264 0.016066838046272524 0.030848329048843083
0 0.43316195372750643 0.8744644387317909 0.012853470437017976 0.023136246786632172
0 0.1783419023136247 0.8479005998286203 0.026349614395886897 0.021422450728363317
12 0.21658097686375322 0.8431876606683804 0.026992287917737768 0.023993144815766955
4 0.17223650385604114 0.6426735218508998 0.020565552699228818 0.013710368466152544
0 0.08868894601542417 0.4854327335047129 0.024421593830334185 0.028277634961439587
0 0.09222365038560412 0.44987146529562977 0.025064267352185095 0.02570694087403602
0 0.10057840616966582 0.4348757497857755 0.01863753213367609 0.023136246786632456
0 0.14138817480719795 0.3838903170522708 0.025706940874035987 0.03427592116538136
0 0.7130462724935732 0.4297343616109683 0.021208226221079655 0.03341902313624679
0 0.762210796915167 0.4378748928877464 0.01799485861182518 0.02913453299057416
0 0.5668380462724936 0.45715509854327335 0.024421593830334275 0.021422450728363317
6 0.5893316195372751 0.44987146529562977 0.026992287917737768 0.032562125107112296
4 0.6025064267352185 0.6199657240788347 0.027634961439588608 0.017994858611825107
4 0.7618894601542416 0.6478149100257069 0.022493573264781616 0.020565552699228818
4 0.7824550128534704 0.5681233933161954 0.018637532133676016 0.032562125107112296
