0 0.7400518061262783 0.2726385351062945 0.02269476279616356 0.027781575918197632
0 0.17255784061696658 0.14567266495287062 0.025064267352185077 0.030848329048843173
4 0.3439556360244751 0.5962090492248535 0.018576262518763542 0.027805542573332787
4 0.28482916951179504 0.7389439940452576 0.01771285943686962 0.024525146931409836
0 0.08665460348129272 0.5276159048080444 0.019203459843993187 0.02731156349182129
0 0.134327232837677 0.7417747378349304 0.02014205977320671 0.02436002530157566
0 0.2436257302761078 0.9405649304389954 0.014316604472696781 0.029409749433398247
0 0.41929009556770325 0.21467246115207672 0.01978631503880024 0.031886596232652664
0 0.6397561430931091 0.6226435303688049 0.017352784052491188 0.03064636141061783
0 0.9509949684143066 0.39282795786857605 0.026406189426779747 0.021225830540060997
0 0.9145682454109192 0.4193078577518463 0.029726745560765266 0.028946613892912865
0 0.8851442933082581 0.405848890542984 0.023251159116625786 0.023140503093600273
0 0.8257165551185608 0.15291215479373932 0.02676696702837944 0.019986409693956375
0 0.8502094745635986 0.18543298542499542 0.01732013002038002 0.029395589604973793
0 0.8556528687477112 0.6377208828926086 0.01921679638326168 0.025094807147979736
0 0.7651919722557068 0.5361784100532532 0.024552611634135246 0.022022990509867668
0 0.31651670951156813 0.4734361610968294 0.022493573264781547 0.03341902313624679
0 0.08354755784061696 0.22964867180805484 0.025706940874035977 0.023993144815766955
0 0.27024421593830333 0.12082262210796917 0.016066838046272524 0.023993144815766934
12 0.6683804627249357 0.5484147386461011 0.020565552699228818 0.020565552699228745
13 0.6266066838046273 0.6658097686375322 0.029562982005141337 0.029134532990574086
0 0.6956940874035991 0.7759211653813196 0.016066838046272524 0.031705227077977724
0 0.7066195372750643 0.7664952870608397 0.021208226221079655 0.036846615252785
0 0.8547557840616966 0.7819194515852612 0.023136246786632314 0.036846615252784855
13 0.8566838046272494 0.6726649528706085 0.021850899742930495 0.025706940874035952
0 0.7847043701799487 0.6289631533847472 0.01670951156812336 0.01713796058269068
4 0.7172236503856041 0.6289631533847472 0.01799485861182518 0.022279348757497815
10 0.13753213367609254 0.6615252784918596 0.03341902313624678 0.037703513281919496
13 0.16709511568123392 0.543273350471294 0.030848329048843208 0.023993144815766955
4 0.12982005141388175 0.3924592973436161 0.015424164524421595 0.029134532990574086
0 0.1127892030848329 0.3427592116538132 0.023778920308483293 0.023993144815766955
0 0.13881748071979433 0.39931448157669236 0.01799485861182518 0.02742073693230509
0 0.08868894601542415 0.41773778920308485 0.017994858611825197 0.014567266495287043
0 0.10025706940874037 0.38946015424164526 0.01799485861182518 0.02656383890317052
0 0.25192802056555275 0.15938303341902313 0.028277634961439625 0.017137960582690646
0 0.2262210796915167 0.4635818337617823 0.01799485861182518 0.02913453299057416
0 0.4582262210796915 0.4378748928877464 0.02827763496143966 0.015424164524421542
0 0.47332904884318766 0.382604970008569 0.01863753213367616 0.021422450728363386
0 0.2644601542416452 0.337617823479006 0.025064267352185077 0.02742073693230509
0 0.2792416452442159 0.26906598114824337 0.023778920308483328 0.02742073693230509
0 0.3088046272493573 0.26906598114824337 0.013496143958868884 0.037703513281919426
0 0.3579691516709512 0.2703513281919452 0.020565552699228745 0.02656383890317052
0 0.5118894601542416 0.1533847472150814 0.021208226221079797 0.025706940874035987
13 0.5465938303341902 0.24078834618680378 0.023778920308483366 0.02570694087403602
0 0.5353470437017994 0.28534704370179953 0.014138817480719865 0.03427592116538133
0 0.33258354755784053 0.5141388174807198 0.030205655526992246 0.02570694087403588
0 0.31426735218508994 0.50471293916024 0.021850899742930637 0.02742073693230502
0 0.3312982005141389 0.48671808054841476 0.01863753213367609 0.023993144815766882
0 0.2750642673521851 0.8123393316195373 0.015424164524421649 0.023993144815766955
0 0.2994858611825193 0.7386461011139674 0.023136246786632418 0.03427592116538136
0 0.34383033419023135 0.686375321336761 0.026992287917737768 0.035989717223650214
13 0.5780848329048842 0.9185946872322194 0.01992287917737791 0.03427592116538136
0 0.5411311053984575 0.805484147386461 0.02570694087403602 0.02742073693230509
0 0.6966580976863753 0.8453299057412167 0.021850899742930495 0.017994858611825322
0 0.675771208226221 0.8209083119108825 0.01735218508997434 0.023993144815766955
0 0.5883676092544987 0.7352185089974292 0.019922879177377766 0.023993144815767097
0 0.502892030848329 0.6666666666666667 0.021208226221079728 0.02742073693230509
0 0.4267352185089975 0.5642673521850899 0.020565552699228745 0.02827763496143966
13 0.4662596401028277 0.5754070265638389 0.021208226221079728 0.023136246786632456
6 0.4897172236503856 0.5574121679520136 0.020565552699228745 0.02827763496143966
6 0.5520565552699229 0.5766923736075407 0.021850899742930637 0.02570694087403602
5 0.6285347043701799 0.5205655526992288 0.023136246786632383 0.016281062553556113
13 0.7445372750642673 0.47343616109682946 0.02634961439588693 0.014567266495287043
13 0.8502570694087405 0.48928877463581827 0.019280205655527 0.018851756640959748
0 0.7326478149100256 0.6983718937446443 0.025706940874035952 0.029134532990574228
0 0.6462082262210797 0.3033419023136247 0.022493573264781547 0.0342759211653814
0 0.7303984575835475 0.220222793487575 0.013496143958868884 0.03256212510711226
0 0.7310411311053984 0.16023993144815765 0.012210796915167067 0.025706940874036004
0 0.8017352185089973 0.17180805484147385 0.031491002570694065 0.019708654670094278
0 0.8804627249357327 0.31876606683804626 0.023136246786632456 0.023993144815766882
12 0.893637532133676 0.29562982005141386 0.01863753213367616 0.029134532990574086
14 0.8917095115681235 0.27763496143958866 0.016066838046272524 0.023993144815766917
0 0.8891388174807199 0.24978577549271638 0.01478149100257056 0.040274207369323065
5 0.8897814910025708 0.20651242502142245 0.013496143958868884 0.03941730934018849
0 0.8116966580976864 0.45672664952870606 0.021850899742930637 0.018851756640959748
5 0.7753856041131105 0.44601542416452444 0.022493573264781616 0.01799485861182525
5 0.8380462724935732 0.44044558697514996 0.01799485861182518 0.023993144815766955
0 0.6760925449871464 0.40488431876606684 0.023136246786632456 0.028277634961439587
0 0.7625321336760925 0.3337617823479006 0.02892030848329057 0.0402742073693231
0 0.7107969151670952 0.726649528706084 0.023136246786632456 0.030848329048843225
0 0.7869537275064267 0.6983718937446445 0.013496143958868884 0.03598971722365036
0 0.8052699228791773 0.68808911739503 0.019280205655526857 0.022279348757497958
0 0.9055269922879177 0.7292202227934876 0.024421593830334133 0.01885175664095968
0 0.5530205655526992 0.6486718080548415 0.023778920308483224 0.02913453299057416
0 0.4039203084832905 0.647814910025707 0.021208226221079655 0.025706940874035952
0 0.35668380462724936 0.5762639245929734 0.019280205655527 0.031705227077977724
0 0.5186375321336761 0.44730077120822626 0.028277634961439587 0.01713796058269061
0 0.3971722365038561 0.3967437874892888 0.028277634961439587 0.03941730934018849
