0 0.5912596401028278 0.7069408740359897 0.007712082262210913 0.011996572407883549
0 0.26831619537275064 0.42716366752356466 0.0096401028277635 0.00942587832047984
14 0.16452442159383032 0.39802913453299055 0.023136246786632366 0.029991431019708657
0 0.166452442159383 0.4837189374464439 0.01928020565552698 0.016281062553556182
8 0.7561053984575835 0.48586118251928023 0.023778920308483293 0.020565552699228818
14 0.41131105398457585 0.6773778920308483 0.019280205655527 0.02142245072836346
0 0.5514138817480719 0.598114824335904 0.012853470437017976 0.011996572407883477
0 0.7647814910025708 0.6452442159383034 0.010282776349614267 0.015424164524421684
0 0.4376606683804627 0.630248500428449 0.00899742930591259 0.017994858611825107
15 0.4411953727506426 0.49785775492716366 0.021208226221079728 0.020565552699228745
