0 0.9217875599861145 0.40811973810195923 0.025345459580421448 0.025577880442142487
0 0.9806734323501587 0.3377467095851898 0.025491271167993546 0.033660564571619034
8 0.7898457583547557 0.7215081405312769 0.012853470437017905 0.029134532990574086
8 0.612146529562982 0.7639245929734362 0.01863753213367609 0.024850042844901454
8 0.5829048843187661 0.5664095972579263 0.01799485861182525 0.029134532990574086
0 0.14556555269922877 0.15338474721508139 0.009640102827763482 0.011996572407883458
13 0.61793059125964 0.6743787489288775 0.017352185089974416 0.01885175664095969
0 0.5755141388174807 0.36246786632390743 0.013496143958868884 0.013710368466152544
6 0.8303341902313625 0.5059982862039418 0.019280205655527 0.029991431019708657
0 0.7079048843187663 0.6910882604970011 0.012210796915166968 0.019708654670094333
0 0.9456940874035991 0.6212510711225364 0.013496143958868884 0.018851756640959748
0 0.2509640102827763 0.6371036846615253 0.0096401028277635 0.012853470437017905
2 0.5996143958868895 0.6405312767780634 0.020565552699228818 0.02656383890317052
6 0.3643958868894602 0.40359897172236503 0.015424164524421613 0.02570694087403602
