0 0.9792395234107971 0.6334047317504883 0.02161126770079136 0.024590617045760155
13 0.3676092544987146 0.3479005998286204 0.020565552699228818 0.027420736932304946
0 0.18541131105398456 0.3976006855184233 0.018637532133676124 0.02742073693230509
0 0.1127892030848329 0.3367609254498714 0.017352185089974288 0.03256212510711215
0 0.14138817480719795 0.3856041131105398 0.0205655526992288 0.030848329048843225
0 0.16131105398457585 0.3774635818337617 0.016709511568123378 0.02656383890317052
0 0.47525706940874035 0.4541559554413025 0.025064267352185112 0.02742073693230509
0 0.538560411311054 0.3877463581833762 0.023136246786632383 0.028277634961439587
0 0.718508997429306 0.30248500428449016 0.020565552699228818 0.022279348757497885
6 0.7136889460154242 0.5102827763496144 0.021208226221079512 0.029991431019708584
14 0.7789203084832905 0.5274207369323051 0.025706940874035952 0.02656383890317059
14 0.8663239074550129 0.47343616109682946 0.020565552699228818 0.028277634961439587
0 0.9582262210796916 0.4777206512425022 0.021850899742930637 0.02656383890317052
0 0.18991002570694085 0.6289631533847472 0.021208226221079693 0.023993144815767024
13 0.24421593830334193 0.622107969151671 0.020565552699228818 0.023993144815766955
0 0.762853470437018 0.7527849185946873 0.021850899742930495 0.023136246786632456
0 0.5273136246786632 0.1358183376178235 0.021208226221079655 0.021422450728363317
