4 0.5276110768318176 0.32477042078971863 0.01804235763847828 0.027973348274827003
4 0.3559301197528839 0.7931291460990906 0.02124233916401863 0.02678873762488365
4 0.9124576449394226 0.6076430082321167 0.01906890794634819 0.02407466620206833
7 0.2937791347503662 0.19093802571296692 0.020566649734973907 0.02656237781047821
8 0.3923875391483307 0.6236336827278137 0.021383361890912056 0.030307535082101822
4 0.7283865809440613 0.2120739072561264 0.020921630784869194 0.026810262352228165
4 0.7054882049560547 0.8017897009849548 0.020979370921850204 0.0207465011626482
4 0.5330575108528137 0.17851656675338745 0.018591491505503654 0.02415110357105732
4 0.7216673493385315 0.7095445394515991 0.015897277742624283 0.021391602233052254
4 0.11759698390960693 0.6349694728851318 0.020739654079079628 0.02097281813621521
4 0.5147945284843445 0.37907734513282776 0.015177368186414242 0.01772932894527912
4 0.05494143068790436 0.5399032831192017 0.014692493714392185 0.019599121063947678
10 0.7214558124542236 0.6673915332571093 0.015162109397351742 0.026846792098795542
8 0.34527188539505005 0.6085025072097778 0.023265624418854713 0.02629752643406391
4 0.40416285395622253 0.4298708438873291 0.01599767990410328 0.02252412959933281
4 0.18269182741641998 0.4972834587097168 0.016939865425229073 0.02050923742353916
0 0.06792518496513367 0.6227970123291016 0.02219698391854763 0.01702551357448101
7 0.6666903495788574 0.6416258811950684 0.019608275964856148 0.02135571278631687
12 0.25866252183914185 0.2613039016723633 0.016633331775665283 0.022390685975551605
10 0.7130765914916992 0.7861800789833069 0.018216796219348907 0.02102050743997097
4 0.7576022744178772 0.13697928190231323 0.014819763600826263 0.022849181666970253
14 0.5840795040130615 0.7153158187866211 0.0153656005859375 0.019188638776540756
7 0.7738869786262512 0.29527848958969116 0.017162293195724487 0.02052675373852253
14 0.6003338124574302 0.49049518048610063 0.023346157366252104 0.023021515008722716
0 0.08677877485752106 0.5020428895950317 0.016844306141138077 0.018928589299321175
4 0.5110885500907898 0.5304721593856812 0.013368988409638405 0.018133016303181648
14 0.7301684021949769 0.4633942220644145 0.015672974288463586 0.03347089657465798
0 0.15904934704303741 0.18304036557674408 0.020456543192267418 0.022708578035235405
14 0.2243878964363455 0.7884554862976078 0.025022671179687796 0.019352702423930165
5 0.20487110316753387 0.41864028573036194 0.018250182271003723 0.02226957120001316
7 0.5262780785560608 0.5349293947219849 0.01851757802069187 0.02089575119316578
12 0.23096372857498335 0.3165741698958471 0.01917116567109408 0.025611628563603755
10 0.22069991171206793 0.5498802771196472 0.020790420022522512 0.028434174626925112
7 0.32670536637306213 0.29202526807785034 0.013348815962672234 0.025109924376010895
12 0.37225860357284546 0.7185829281806946 0.014220978133380413 0.018234537914395332
10 0.9139506870492872 0.6535958918936761 0.02149289056352295 0.024880060701030077
4 0.20822622107969152 0.5874035989717225 0.017994858611825214 0.01799485861182518
12 0.2300771208226221 0.5629820051413882 0.023136246786632418 0.01713796058269068
12 0.11632390745501285 0.520994001713796 0.014138817480719794 0.02570694087403602
0 0.21368894601542415 0.27420736932305056 0.01349614395886892 0.01713796058269068
11 0.3300128534704371 0.10197086546700942 0.022493573264781547 0.023993144815766917
0 0.43316195372750643 0.10796915167095116 0.012853470437017976 0.01885175664095973
0 0.3692159383033419 0.1550985432733505 0.012210796915167067 0.01542416452442163
0 0.6240359897172236 0.1932305055698372 0.0115681233933163 0.01799485861182518
12 0.2737789203084833 0.31962296486718084 0.015424164524421578 0.023993144815766955
0 0.17287917737789205 0.43316195372750643 0.011568123393316157 0.014567266495287043
0 0.6195372750642673 0.7467866323907455 0.01799485861182525 0.016281062553556182
0 0.666452442159383 0.6739502999143102 0.011568123393316228 0.01628106255355604
0 0.8669665809768636 0.5308483290488432 0.01156812339331637 0.021422450728363317
12 0.9167737789203083 0.4888603256212509 0.014781491002570464 0.028277634961439625
13 0.5758354755784062 0.29263067694944295 0.012853470437017976 0.02142245072836335
12 0.5016066838046273 0.4524421593830334 0.016066838046272524 0.01713796058269061
12 0.48843187660668375 0.4691516709511568 0.015424164524421613 0.019708654670094247
12 0.42448586118251924 0.5278491859468722 0.010925449871465319 0.018851756640959748
12 0.21690231362467866 0.4700085689802914 0.0096401028277635 0.023136246786632383
0 0.06715938303341902 0.5107112253641817 0.017352185089974288 0.011996572407883406
0 0.35443444730077117 0.7095115681233933 0.012210796915167067 0.015424164524421542
12 0.4052056555269922 0.3166238217652099 0.010925449871465319 0.021422450728363282
12 0.365038560411311 0.28320479862896314 0.020565552699228745 0.024850042844901454
13 0.45983290488431877 0.25149957155098546 0.012210796915167138 0.02656383890317052
6 0.6831619537275064 0.10968294772922021 0.011568123393316228 0.025706940874035987
6 0.6651670951156813 0.1289631533847472 0.014138817480719865 0.01628106255355613
0 0.9167737789203084 0.26478149100257065 0.01735218508997434 0.013710368466152544
0 0.7631748071979435 0.45715509854327335 0.01092544987146539 0.01799485861182518
0 0.7561053984575835 0.43444730077120824 0.016066838046272524 0.018851756640959748
10 0.6732005141388174 0.4592973436161097 0.022493573264781474 0.023993144815766882
4 0.6294987146529563 0.6036846615252784 0.014781491002570632 0.023136246786632383
12 0.6905526992287918 0.5805484147386462 0.013496143958868884 0.019708654670094247
0 0.8303341902313625 0.7759211653813196 0.015424164524421542 0.014567266495287043
0 0.868573264781491 0.6615252784918593 0.0173521850899742 0.01885175664095968
12 0.843508997429306 0.5912596401028277 0.021208226221079655 0.020565552699228818
0 0.5739074550128536 0.5479862896315338 0.024421593830334133 0.02656383890317059
0 0.5796915167095115 0.5197086546700942 0.010282776349614338 0.016281062553556182
0 0.4691516709511568 0.36161096829477285 0.012853470437018046 0.01713796058269068
4 0.18508997429305915 0.29991431019708653 0.01285347043701801 0.018851756640959748
12 0.1928020565552699 0.30634104541559554 0.01799485861182518 0.023136246786632418
0 0.2230077120822622 0.2866323907455013 0.014138817480719794 0.01456726649528708
0 0.6928020565552699 0.6023993144815767 0.010282776349614409 0.015424164524421542
14 0.5909383033419023 0.5634104541559555 0.01863753213367616 0.021422450728363386
13 0.7146529562982005 0.7352185089974292 0.020565552699228818 0.023993144815767097
13 0.7011568123393317 0.7287917737789203 0.01670951156812336 0.031705227077977724
0 0.8226221079691517 0.7232219365895457 0.012853470437017905 0.01885175664095968
14 0.8255141388174807 0.7082262210796912 0.021208226221079915 0.0214224507283633
12 0.3232647814910025 0.5878320479862896 0.014138817480719794 0.023993144815766882
14 0.46850899742930596 0.6212510711225364 0.016709511568123434 0.02742073693230502
0 0.04177377892030848 0.5664095972579264 0.01413881748071979 0.015424164524421684
0 0.04498714652956298 0.5462724935732648 0.0102827763496144 0.012853470437017976
