4 0.5063592195510864 0.18998295068740845 0.020771972835063934 0.026165669783949852
8 0.3957822918891907 0.7201877236366272 0.02125701867043972 0.02240218035876751
4 0.6931416988372803 0.7593996524810791 0.019938170909881592 0.02035140059888363
4 0.7284418940544128 0.11491890251636505 0.019683655351400375 0.02395850606262684
10 0.7757754325866699 0.7705744504928589 0.015237671323120594 0.02207080088555813
4 0.3989417552947998 0.21075552701950073 0.01609332300722599 0.022758809849619865
8 0.3975934088230133 0.2805500626564026 0.016384704038500786 0.022547587752342224
4 0.6036353707313538 0.31594404578208923 0.016222961246967316 0.02031365968286991
8 0.40336161851882935 0.6102936267852783 0.016184723004698753 0.02552413009107113
4 0.26946061849594116 0.34722456336021423 0.01896093785762787 0.02217458002269268
4 0.6295574713488779 0.1987341859959698 0.020658924428693368 0.031007330189518744
0 0.8374091386795044 0.15206387639045715 0.0216976311057806 0.025088338181376457
7 0.33798930048942566 0.44926729798316956 0.023424439132213593 0.024193521589040756
7 0.790829598903656 0.3300202190876007 0.02149249240756035 0.024941181764006615
4 0.40564653277397156 0.5631330609321594 0.016478057950735092 0.01957714930176735
4 0.1604732722043991 0.7333414554595947 0.019140105694532394 0.0249274093657732
14 0.3034179861104274 0.7863385621665784 0.01633536938462982 0.03279557269491152
0 0.897862434387207 0.16820497810840607 0.02196160890161991 0.024158477783203125
4 0.36082941025572146 0.8079942464828488 0.017813431324106947 0.024614419788122174
8 0.507063090801239 0.5939438343048096 0.01876269467175007 0.02290649339556694
8 0.5959066152572632 0.35144007205963135 0.019172606989741325 0.02627996914088726
4 0.5654565691947937 0.8046772480010986 0.014313293620944023 0.024604573845863342
0 0.7210012078285217 0.7125952243804932 0.018642639741301537 0.02340608648955822
0 0.9185898900032043 0.26676520705223083 0.02310851961374283 0.02213934250175953
0 0.6383492946624756 0.3767247200012207 0.021061889827251434 0.02474023401737213
0 0.21670188009738922 0.5498113036155701 0.020134827122092247 0.02479781024158001
7 0.7328653335571289 0.2493717074394226 0.02037353441119194 0.02488490752875805
4 0.8262463212013245 0.7548764944076538 0.01743316650390625 0.02235831692814827
7 0.8849395513534546 0.6558629274368286 0.020018737763166428 0.02031388320028782
13 0.48543402552604675 0.7407774925231934 0.014541931450366974 0.020064860582351685
10 0.5834280902131971 0.685012118420033 0.017838256433606148 0.02376684546470642
14 0.38429951935929924 0.4000334742749564 0.01583154313266277 0.024325872085918198
13 0.6432044830910649 0.5914681120723767 0.016475098207592964 0.01985904946923256
7 0.7641074061393738 0.6163777709007263 0.02107049524784088 0.02260335348546505
7 0.8329092264175415 0.6785300970077515 0.01556396484375 0.02274845354259014
12 0.26249146461486816 0.12823711335659027 0.018822479993104935 0.021619385108351707
4 0.8844181895256042 0.4948517978191376 0.012871582061052322 0.01966923102736473
0 0.8668166995048523 0.1312868893146515 0.02033727988600731 0.026503214612603188
7 0.6476730704307556 0.22160565853118896 0.019344544038176537 0.02380118891596794
0 0.2962724935732648 0.21165381319622967 0.00899742930591259 0.017137960582690646
0 0.33033419023136246 0.20522707797772063 0.010282776349614409 0.009425878320479874
0 0.3454370179948586 0.16795201371036847 0.014781491002570703 0.00856898029134534
4 0.14363753213367608 0.2403598971722365 0.018637532133676107 0.01799485861182518
0 0.1831619537275064 0.24293059125964012 0.017994858611825214 0.014567266495287114
0 0.2493573264781491 0.22879177377892032 0.01413881748071983 0.01713796058269068
12 0.16709511568123392 0.33419023136246795 0.0205655526992288 0.018851756640959748
0 0.08129820051413882 0.48843187660668375 0.012210796915167101 0.022279348757497815
0 0.06201799485861182 0.4820051413881748 0.016066838046272496 0.012853470437018046
0 0.04820051413881748 0.5912596401028277 0.014138817480719794 0.00856898029134534
0 0.08386889460154241 0.5556983718937447 0.023778920308483293 0.014567266495287043
14 0.4643316195372751 0.6075407026563839 0.014781491002570703 0.020565552699228745
0 0.45661953727506427 0.658954584404456 0.021208226221079655 0.029134532990574228
0 0.49325192802056556 0.6816623821765211 0.013496143958868884 0.01628106255355604
0 0.24260925449871465 0.5741216795201372 0.017352185089974305 0.01713796058269054
0 0.3181233933161954 0.2343616109682948 0.007712082262210806 0.026563838903170555
14 0.5051413881748072 0.25621251071122536 0.014138817480719794 0.02227934875749785
14 0.5401670951156813 0.1838046272493573 0.01606683804627238 0.024850042844901454
12 0.6015424164524421 0.15038560411311053 0.016709511568123434 0.021422450728363317
6 0.7117609254498715 0.181662382176521 0.021208226221079797 0.015424164524421578
0 0.8030205655526993 0.15381319622964867 0.016066838046272524 0.011139674378748908
0 0.8229434447300771 0.25149957155098546 0.025064267352185254 0.02656383890317052
0 0.817159383033419 0.2836332476435304 0.014781491002570703 0.015424164524421578
0 0.6513496143958869 0.3101970865467009 0.007069408740359932 0.013710368466152544
4 0.7615681233933163 0.5754070265638389 0.021850899742930637 0.021422450728363317
0 0.8267994858611826 0.7994858611825193 0.016066838046272524 0.015424164524421542
0 0.9116323907455012 0.5732647814910026 0.019922879177377836 0.018851756640959748
8 0.7336118251928019 0.3663239074550128 0.028920308483290427 0.019708654670094247
0 0.5925449871465296 0.49957155098543277 0.012853470437018046 0.013710368466152544
12 0.4852185089974293 0.38174807197943444 0.014138817480719722 0.024850042844901454
12 0.4601542416452442 0.3821765209940017 0.012853470437017976 0.015424164524421542
0 0.4926092544987146 0.4991431019708655 0.01735218508997427 0.02827763496143966
0 0.28631105398457585 0.6143958868894601 0.010925449871465247 0.015424164524421684
12 0.3129820051413882 0.7553556126820908 0.019280205655527034 0.023136246786632456
0 0.646529562982005 0.8050556983718937 0.015424164524421542 0.016281062553556182
4 0.574228791773779 0.7459297343616109 0.016066838046272524 0.01970865467009432
12 0.550771208226221 0.7180805484147388 0.017994858611825107 0.020565552699228676
6 0.6503856041131105 0.6932305055698371 0.023136246786632383 0.022279348757497815
8 0.7011568123393317 0.670522707797772 0.015424164524421684 0.01799485861182518
12 0.5337403598971722 0.41559554413024846 0.01735218508997414 0.023993144815766913
0 0.5089974293059126 0.3924592973436161 0.015424164524421613 0.013710368466152544
13 0.5228149100257069 0.11053984575835475 0.016066838046272524 0.022279348757497867
0 0.826478149100257 0.6002570694087404 0.016709511568123503 0.024850042844901454
0 0.9052056555269923 0.5985432733504713 0.022493573264781474 0.023136246786632383
0 0.8582904884318765 0.7270779777206512 0.016066838046272524 0.026563838903170447
12 0.3149100257069409 0.4374464438731791 0.01670951156812336 0.021422450728363317
4 0.1838046272493573 0.5715509854327335 0.011568123393316192 0.032562125107112226
0 0.05623393316195373 0.5355612682090831 0.02249357326478149 0.01713796058269068
0 0.049485861182519277 0.5604113110539846 0.01799485861182519 0.015424164524421542
0 0.23875321336760927 0.4550128534704371 0.01349614395886892 0.011996572407883477
0 0.2204370179948586 0.39631533847472156 0.015424164524421578 0.023136246786632383
0 0.15552699228791775 0.29648671808054844 0.014138817480719794 0.02227934875749785
