4 0.1808420866727829 0.17390736937522888 0.024615265429019928 0.02882632426917553
4 0.8685245513916016 0.3404654264450073 0.022986266762018204 0.02892126515507698
4 0.8560916781425476 0.14054729044437408 0.021799255162477493 0.02292226068675518
8 0.3905247151851654 0.44941702485084534 0.02060720883309841 0.02470524050295353
4 0.22256198525428772 0.7297258973121643 0.017114074900746346 0.023341471329331398
8 0.5141417384147644 0.5830715298652649 0.01690521277487278 0.0237632654607296
8 0.4878968596458435 0.2470930963754654 0.020644012838602066 0.02409271150827408
7 0.7287095785140991 0.4154011309146881 0.025072447955608368 0.028603434562683105
4 0.338645875453949 0.7591118216514587 0.01830172725021839 0.01968766190111637
8 0.7827374339103699 0.30248165130615234 0.020819762721657753 0.02144419401884079
4 0.23760734498500824 0.16222979128360748 0.016149993985891342 0.02561422809958458
8 0.7315068244934082 0.39530083537101746 0.024576904252171516 0.02030639722943306
14 0.4594777226448059 0.420535147190094 0.021593566983938217 0.027540650218725204
4 0.9500189423561096 0.38850659132003784 0.019103210419416428 0.019079143181443214
10 0.2905680239200592 0.7795010805130005 0.020132752135396004 0.02609114535152912
8 0.469633549451828 0.4025545120239258 0.021846862509846687 0.023472575470805168
4 0.16867761313915253 0.319986492395401 0.020132308825850487 0.02289263904094696
4 0.24535346031188965 0.2914057970046997 0.01901121437549591 0.021955545991659164
12 0.5340943336486816 0.4141767919063568 0.01454010047018528 0.02517228201031685
4 0.38207733631134033 0.2544572353363037 0.013420685194432735 0.02412567101418972
4 0.6188762187957764 0.253633052110672 0.009595763869583607 0.022930115461349487
4 0.7612695097923279 0.3978341817855835 0.015195312909781933 0.01956201158463955
7 0.6427053809165955 0.3553442358970642 0.022272583097219467 0.02409110590815544
7 0.5871954560279846 0.635874330997467 0.025800414383411407 0.02660013921558857
7 0.830975353717804 0.4802333116531372 0.022579407319426537 0.02668684907257557
0 0.5859252214431763 0.2736262083053589 0.017158690840005875 0.02973746694624424
7 0.3350992500782013 0.4163469970226288 0.01638052426278591 0.02571435458958149
0 0.5607057809829712 0.8258445858955383 0.02477532997727394 0.033529132604599
0 0.35610291361808777 0.21070465445518494 0.02188122645020485 0.02695467136800289
0 0.23644107580184937 0.7888582348823547 0.02310299687087536 0.0328059084713459
4 0.1493716686964035 0.4759552478790283 0.01650906354188919 0.026118285953998566
7 0.5485207438468933 0.43662944436073303 0.02134362794458866 0.020301595330238342
14 0.5221430659294128 0.15814904868602753 0.014191345311701298 0.023425038903951645
0 0.7403746247291565 0.6253923177719116 0.021450256928801537 0.02395857684314251
0 0.688624678663239 0.8303341902313625 0.016066838046272524 0.022279348757497815
0 0.47943444730077117 0.48586118251928023 0.012853470437017976 0.01885175664095968
0 0.21465295629820053 0.5818337617823479 0.015424164524421613 0.01713796058269068
0 0.14845758354755784 0.6019708654670094 0.011568123393316192 0.012853470437017976
4 0.14974293059125965 0.23221936589545844 0.016709511568123378 0.025706940874035952
4 0.24903598971722363 0.702656383890317 0.013496143958868884 0.023993144815766813
4 0.15295629820051412 0.7077977720651242 0.01799485861182518 0.022279348757497815
4 0.13110539845758354 0.6315338474721508 0.014138817480719794 0.022279348757497958
0 0.618573264781491 0.8817480719794344 0.013496143958868884 0.015424164524421684
0 0.5912596401028278 0.7789203084832905 0.015424164524421684 0.020565552699228818
0 0.7265424164524421 0.696229648671808 0.01735218508997434 0.021422450728363317
0 0.8059125964010283 0.6079691516709511 0.012853470437018046 0.014567266495287043
12 0.6349614395886889 0.6165381319622965 0.021850899742930637 0.012853470437018046
12 0.4569408740359897 0.5664095972579263 0.019280205655527 0.011996572407883406
0 0.3168380462724937 0.4747215081405312 0.016709511568123395 0.018851756640959748
13 0.26188946015424164 0.5488431876606684 0.016066838046272524 0.021422450728363317
4 0.2596401028277635 0.2952013710368466 0.01285347043701801 0.024850042844901415
12 0.27056555269922883 0.24378748928877464 0.011568123393316192 0.02142245072836335
4 0.23264781491002573 0.2390745501285347 0.015424164524421578 0.01713796058269068
12 0.4707583547557841 0.09854327335047129 0.014781491002570703 0.025706940874035987
0 0.5893316195372751 0.1662382176520994 0.0115681233933163 0.025706940874035987
12 0.6915167095115682 0.1486718080548415 0.01799485861182518 0.0231362467866324
0 0.8615038560411311 0.24592973436161095 0.01735218508997434 0.01371036846615251
13 0.8357969151670952 0.16366752356469583 0.0173521850899742 0.03084832904884319
0 0.7937017994858612 0.1958011996572408 0.011568123393316228 0.01456726649528708
0 0.9456940874035991 0.33333333333333326 0.013496143958868884 0.027420736932305054
12 0.6908740359897172 0.5111396743787489 0.01670951156812336 0.014567266495287043
0 0.7985218508997428 0.45072836332476435 0.022493573264781474 0.01713796058269068
12 0.7438946015424165 0.4524421593830334 0.021208226221079655 0.01713796058269061
5 0.5604113110539846 0.5809768637532133 0.020565552699228818 0.02570694087403602
0 0.6163239074550129 0.5025706940874036 0.016709511568123434 0.016281062553556113
6 0.6047557840616967 0.5265638389031705 0.01670951156812336 0.016281062553556113
0 0.46947300771208234 0.8838903170522708 0.0096401028277635 0.012853470437017905
11 0.17416452442159383 0.769922879177378 0.014138817480719759 0.017994858611825322
0 0.16388174807197942 0.6443873179091688 0.01928020565552698 0.020565552699228745
0 0.1031491002570694 0.41730934018851756 0.013496143958868903 0.018851756640959748
0 0.14010282776349617 0.28449014567266495 0.014138817480719794 0.02742073693230509
4 0.2702442159383034 0.15766923736075408 0.01863753213367609 0.017137960582690646
0 0.3374035989717224 0.17309340188517566 0.014138817480719794 0.020565552699228745
12 0.4893958868894602 0.4370179948586118 0.023778920308483224 0.01713796058269068
13 0.5687660668380462 0.4515852613538989 0.01670951156812336 0.032562125107112296
8 0.5179948586118251 0.3144815766923736 0.015424164524421613 0.018851756640959713
8 0.6105398457583547 0.36161096829477285 0.010282776349614409 0.02742073693230502
12 0.6282133676092545 0.33419023136246784 0.01735218508997427 0.023993144815766955
0 0.2994858611825193 0.4481576692373608 0.020565552699228783 0.022279348757497885
0 0.29241645244215936 0.3671808054841474 0.019280205655526964 0.01799485861182518
12 0.34640102827763497 0.3577549271636676 0.024421593830334133 0.03341902313624679
12 0.31683804627249357 0.3046272493573265 0.024421593830334168 0.023136246786632383
8 0.3528277634961439 0.23350471293916022 0.014138817480719865 0.02656383890317052
8 0.45919023136246784 0.2317909168808912 0.009640102827763428 0.019708654670094247
0 0.4129177377892031 0.19323050556983717 0.012210796915167067 0.011139674378748942
0 0.5520565552699229 0.08483290488431877 0.00899742930591259 0.01885175664095973
0 0.699228791773779 0.6418166238217651 0.012853470437017905 0.01713796058269068
0 0.4225578406169666 0.29305912596401024 0.012210796915167067 0.013710368466152544
12 0.7368251928020565 0.2592116538131963 0.021208226221079655 0.01799485861182518
8 0.7287917737789203 0.15638389031705227 0.01799485861182518 0.014567266495287043
0 0.8711439588688947 0.5509854327335048 0.013496143958868884 0.011996572407883549
