8 0.4774022102355957 0.3088527023792267 0.019060302525758743 0.01954193040728569
8 0.36889904737472534 0.4900568723678589 0.018707366660237312 0.021079711616039276
0 0.2191516709511568 0.36375321336760935 0.010282776349614409 0.019708654670094247
11 0.4659383033419023 0.09254498714652958 0.020565552699228818 0.01885175664095973
0 0.45051413881748076 0.09425878320479864 0.00899742930591259 0.017137960582690664
14 0.40134961439588696 0.07112253641816624 0.01606683804627245 0.018851756640959724
14 0.8611825192802055 0.12253641816623823 0.020565552699228676 0.03256212510711226
14 0.6802699228791773 0.44473007712082263 0.021208226221079655 0.022279348757497885
0 0.1834832904884319 0.4280205655526992 0.012210796915167101 0.01799485861182518
14 0.1953727506426735 0.23350471293916022 0.019280205655527 0.02656383890317052
