0 0.47285857796669006 0.6426870822906494 0.02191665582358837 0.024586547166109085
0 0.5065171718597412 0.6709645986557007 0.017050903290510178 0.028289591893553734
0 0.6291740536689758 0.08670506626367569 0.011156005784869194 0.025146041065454483
4 0.4853213429450989 0.8396995663642883 0.015536773949861526 0.017836589366197586
0 0.6524288654327393 0.520601749420166 0.019371215254068375 0.02464957721531391
4 0.2182261049747467 0.6780685782432556 0.018761245533823967 0.022494710981845856
0 0.12606632709503174 0.6224552392959595 0.016214493662118912 0.029786905273795128
0 0.36053984575835474 0.17223650385604117 0.016709511568123434 0.018851756640959713
0 0.25482005141388175 0.3791773778920309 0.01992287917737791 0.01799485861182525
0 0.18091259640102827 0.32904884318766064 0.017352185089974305 0.020565552699228818
0 0.16388174807197942 0.3393316195372751 0.014138817480719776 0.010282776349614338
0 0.27763496143958866 0.29648671808054844 0.010282776349614444 0.018851756640959713
13 0.6118251928020565 0.34747215081405314 0.015424164524421613 0.029991431019708657
0 0.5951156812339332 0.3560411311053985 0.012853470437017976 0.019708654670094247
0 0.6330334190231361 0.4125964010282776 0.008997429305912519 0.012853470437017976
10 0.6677377892030847 0.6319622964867181 0.01670951156812336 0.02656383890317059
0 0.4813624678663239 0.6859468723221938 0.01670951156812336 0.017994858611825322
6 0.4697943444730078 0.7150814053127678 0.014138817480719794 0.024850042844901454
5 0.4662596401028278 0.7857754927163668 0.022493573264781474 0.01885175664095968
11 0.5533419023136247 0.7827763496143959 0.014138817480719794 0.026563838903170447
5 0.7496786632390746 0.7146529562982005 0.016066838046272524 0.02742073693230509
0 0.788560411311054 0.7326478149100256 0.01799485861182518 0.022279348757497815
12 0.8239074550128536 0.699228791773779 0.019280205655527 0.01885175664095982
0 0.856362467866324 0.5736932305055699 0.021208226221079655 0.021422450728363386
0 0.8467223650385605 0.4310197086546701 0.01735218508997434 0.022279348757497815
0 0.8688946015424165 0.45886889460154245 0.014138817480719722 0.016281062553556182
0 0.8740359897172237 0.4798628963153385 0.015424164524421684 0.020565552699228745
0 0.7920951156812341 0.5257069408740361 0.013496143958868884 0.016281062553556113
0 0.7371465295629821 0.4258783204798629 0.01670951156812336 0.022279348757497815
0 0.665809768637532 0.14481576692373607 0.012853470437017905 0.011996572407883458
0 0.6365681233933163 0.18851756640959724 0.02634961439588693 0.023993144815766955
0 0.6063624678663239 0.1825192802056555 0.019922879177377836 0.025706940874035987
0 0.5276349614395888 0.16452442159383032 0.016709511568123434 0.017137960582690664
0 0.5057840616966581 0.1662382176520994 0.021850899742930564 0.023993144815766934
0 0.5462724935732648 0.08611825192802057 0.015424164524421542 0.021422450728363317
0 0.5269922879177378 0.1049700085689803 0.015424164524421542 0.02485004284490147
0 0.480719794344473 0.08997429305912596 0.01799485861182518 0.017137960582690653
0 0.5093187660668381 0.10539845758354754 0.013496143958868884 0.015424164524421595
0 0.3264781491002571 0.12467866323907455 0.012853470437018046 0.01628106255355613
0 0.28727506426735216 0.14224507283633248 0.016709511568123395 0.020565552699228783
0 0.21497429305912596 0.29134532990574125 0.016066838046272524 0.020565552699228818
0 0.12178663239074551 0.3577549271636676 0.03020565552699228 0.023136246786632383
0 0.1327120822622108 0.5848329048843187 0.01863753213367609 0.014567266495287043
0 0.2095115681233933 0.7005141388174807 0.015424164524421613 0.014567266495287185
0 0.24614395886889462 0.7279348757497857 0.015424164524421578 0.01628106255355604
0 0.327120822622108 0.7480719794344474 0.016709511568123434 0.011996572407883549
0 0.3711439588688946 0.7763496143958869 0.007069408740359932 0.013710368466152544
13 0.384961439588689 0.7592116538131961 0.024421593830334203 0.01713796058269068
12 0.5196015424164524 0.8804627249357327 0.023778920308483293 0.029991431019708584
0 0.6847686375321337 0.8834618680377033 0.014781491002570703 0.01885175664095968
0 0.7140102827763496 0.8359040274207369 0.014138817480719722 0.026563838903170447
0 0.2969151670951157 0.8543273350471293 0.015424164524421578 0.01885175664095968
0 0.31973007712082263 0.8174807197943446 0.017352185089974236 0.01713796058269068
0 0.4235218508997429 0.68808911739503 0.014138817480719722 0.01885175664095982
12 0.3823907455012854 0.6876606683804627 0.014138817480719794 0.01970865467009432
0 0.5250642673521851 0.6722365038560412 0.016709511568123434 0.02142245072836346
0 0.5186375321336761 0.643101970865467 0.011568123393316086 0.021422450728363317
0 0.47429305912596403 0.3916023993144816 0.014138817480719794 0.015424164524421613
0 0.5276349614395888 0.38988860325621244 0.011568123393316157 0.00856898029134534
0 0.5183161953727506 0.42245072836332476 0.005784061696658043 0.011996572407883406
0 0.34350899742930596 0.4001713796058269 0.010925449871465319 0.011996572407883477
0 0.32422879177377895 0.4250214224507283 0.010925449871465319 0.01713796058269061
0 0.3319408740359897 0.37703513281919454 0.00835475578406168 0.01028277634961448
0 0.3454370179948586 0.332904884318766 0.012210796915167138 0.01799485861182518
12 0.33483290488431877 0.3050556983718938 0.01670951156812336 0.015424164524421578
6 0.35925449871465287 0.3136246786632391 0.014138817480719794 0.023993144815766955
12 0.40359897172236503 0.26906598114824337 0.023136246786632383 0.01713796058269068
0 0.4434447300771208 0.26306769494430166 0.012853470437017976 0.018851756640959713
0 0.4559768637532134 0.26735218508997427 0.007069408740359932 0.010282776349614409
0 0.47332904884318766 0.26906598114824337 0.022493573264781474 0.020565552699228745
0 0.32487146529562977 0.2210796915167095 0.014781491002570668 0.020565552699228783
0 0.37467866323907456 0.20822622107969152 0.014138817480719794 0.015424164524421578
11 0.7107969151670952 0.16752356469580118 0.028277634961439587 0.026563838903170503
0 0.7188303341902313 0.20437017994858614 0.02892030848329057 0.016281062553556148
0 0.6899100257069409 0.33890317052270774 0.012210796915167209 0.016281062553556113
8 0.6937660668380462 0.3676092544987146 0.025064267352185112 0.025706940874035952
0 0.6654884318766068 0.3496143958868895 0.02634961439588679 0.02742073693230509
0 0.6304627249357327 0.3354755784061696 0.021850899742930564 0.012853470437017976
12 0.7798843187660668 0.5119965724078834 0.013496143958868884 0.02656383890317052
0 0.8476863753213368 0.538560411311054 0.00899742930591259 0.02656383890317052
0 0.7127249357326477 0.765209940017138 0.010282776349614409 0.01885175664095968
0 0.7069408740359897 0.702656383890317 0.01799485861182518 0.020565552699228818
11 0.31073264781491006 0.5951156812339332 0.021208226221079693 0.03513281919451586
0 0.15552699228791775 0.38988860325621244 0.01799485861182518 0.018851756640959748
12 0.4562982005141389 0.5655526992287918 0.023136246786632383 0.023993144815766955
4 0.41163239074550134 0.5642673521850899 0.01735218508997427 0.031705227077977655
0 0.3701799485861183 0.47814910025706936 0.01799485861182518 0.020565552699228745
12 0.5022493573264781 0.5227077977720651 0.01735218508997427 0.020565552699228745
0 0.6323907455012853 0.4353041988003427 0.01670951156812336 0.020565552699228745
12 0.6153598971722365 0.5659811482433591 0.030205655526992246 0.017994858611825107
12 0.5825835475578406 0.7112253641816625 0.010925449871465319 0.01713796058269068
0 0.5996143958868895 0.7784918594687232 0.030848329048843225 0.038560411311054
13 0.7525706940874036 0.7613538988860326 0.023136246786632456 0.011139674378748908
0 0.7332904884318766 0.6709511568123392 0.00899742930591259 0.013710368466152402
0 0.768637532133676 0.5882604970008569 0.008997429305912732 0.011139674378748979
0 0.21368894601542415 0.5441302485004285 0.016066838046272486 0.018851756640959748
0 0.21947300771208225 0.5766923736075407 0.014781491002570703 0.015424164524421613
0 0.15038560411311053 0.4845758354755785 0.00642673521850897 0.016281062553556113
0 0.13881748071979433 0.26906598114824337 0.023136246786632366 0.030848329048843156
