4 0.13496143958868895 0.8020565552699227 0.0231362467866324 0.023993144815766955
4 0.7998071979434448 0.10711225364181662 0.019922879177377836 0.022279348757497867
0 0.1716911306209521 0.4726391233034232 0.023942981608964846 0.025007114124918815
0 0.22436569016067473 0.6883919909130952 0.020750584061102872 0.02234678283503385
12 0.17967212449060704 0.7873563148968167 0.021548683448068394 0.02873157793075791
0 0.23274573372381244 0.8357743443727234 0.02474108099593032 0.034052240510527694
0 0.07412348056442035 0.3473375195498406 0.017159136819758124 0.02766744541480385
0 0.08164676443565061 0.463528930535126 0.023942981608964846 0.02128265031907979
0 0.15646858196366573 0.24697796353848847 0.031524925785137034 0.035116373026481754
6 0.11935696046977019 0.3283841010089689 0.027534428850309565 0.038308770574343745
12 0.16385100129309657 0.31401831204359 0.017558186513240877 0.024475047866941785
12 0.208943616656647 0.23261217457310956 0.01995248467413738 0.023410915350987837
0 0.3436228882070742 0.30976178197977405 0.02274583252851663 0.03298810799457371
13 0.3492095839158327 0.28209433656497024 0.019553434980654528 0.024475047866941893
0 0.2811716111770241 0.27624160772722367 0.020750584061102865 0.035116373026482295
0 0.2428628406026805 0.1501419045866751 0.028731577930757802 0.020218517803125877
0 0.2941407262152136 0.12104507368976672 0.025938230076378587 0.03352017425255077
0 0.3785397363868146 0.11545837798100823 0.01676008712627535 0.03724463805838974
0 0.39809317136746925 0.10109258901562933 0.01995248467413738 0.03405224051052777
0 0.401684618608814 0.11971490804482421 0.015961987739309933 0.028731577930757802
12 0.48907650148153564 0.1375391276870536 0.02474108099593032 0.026071246640872837
0 0.5281833714428449 0.13168639884930664 0.01835628590020633 0.026071246640872854
0 0.44737580851258857 0.16095004303804145 0.01715913681975813 0.01968645154514885
0 0.4054755906969001 0.2013870786442932 0.016361037432792713 0.028199511672780807
0 0.36916206858997 0.24714477683031488 0.025140130689413027 0.025007114124918815
0 0.41824518088834794 0.2952967731772331 0.013966739271896173 0.028731577930757837
12 0.45974634901055367 0.2822611498567966 0.01715913681975813 0.022878849093010842
0 0.3188818072111439 0.38494993764635693 0.014764838658861664 0.028199511672780845
12 0.31868228236440255 0.4958857524345608 0.01915438528717189 0.028731577930757767
0 0.3927060005054521 0.4716767376966074 0.0195534349806546 0.018622319029194898
0 0.3749482891454699 0.45252235240943556 0.01835628590020633 0.028199511672780914
12 0.4401929140298991 0.528075761042169 0.01795723620672369 0.028199511672780845
13 0.545342508262603 0.43469813276720615 0.02553918038289595 0.02234678283503385
13 0.5269862223623966 0.4283133376714822 0.019154385287171963 0.024475047866941893
13 0.5229957254275692 0.3985176272247704 0.009577192643585945 0.037244638058389797
12 0.5437463094886721 0.382821672614449 0.016760087126275282 0.027135379156826858
13 0.5247914490482415 0.3477052995879672 0.017957236206723622 0.02394298160896483
12 0.5325729180711551 0.16228020868298393 0.020750584061102872 0.02234678283503385
4 0.5798603067488607 0.1721234344555584 0.014764838658861664 0.027135379156826803
4 0.5621025953888785 0.20218517803125866 0.014365788965378812 0.020218517803125877
0 0.5926298969403085 0.3572824922315532 0.017957236206723622 0.02926364418873476
0 0.6544825994301345 0.37510671187378253 0.02194773314155114 0.012769590191447903
0 0.6143781052351183 0.45970524689212494 0.013567689578413464 0.023410915350987764
6 0.5309767192972241 0.5727693267122368 0.020750584061102872 0.021814716577056928
0 0.5098270855426386 0.5826125524848113 0.014365788965379024 0.02873157793075791
0 0.5040408649871386 0.5623940346816854 0.021149633754585652 0.01596198773930986
12 0.5816560303695331 0.5661184984875243 0.015163888352344373 0.04256530063815966
0 0.4399933891831577 0.4812539303401933 0.019154385287171963 0.022878849093010842
12 0.31768465813069563 0.6360852114114993 0.025938230076378587 0.034584306768504686
4 0.4737130882824499 0.7052538249485089 0.01715913681975813 0.02394298160896483
4 0.42562760021777885 0.7257383758806233 0.012769590191447832 0.020218517803125877
13 0.5190052284927418 0.783733598000116 0.01915438528717182 0.027667445414803923
13 0.5295800453700346 0.7624509476810359 0.025140130689413027 0.01702612025526392
0 0.5810574558293089 0.7605887157781166 0.014764838658861735 0.021814716577056713
6 0.5950241951012051 0.7438286286518411 0.01875533559368911 0.026603312898849794
0 0.6443068322463245 0.7587264838751971 0.014365788965378812 0.026603312898849794
0 0.7793851534902345 0.8502418802472406 0.017159136819758062 0.028731577930758048
0 0.8270715918614227 0.7975673207075178 0.017558186513241054 0.031923975478619866
13 0.7003733141806504 0.7555340863273351 0.022745832528516557 0.03085984296266588
0 0.6449054067865485 0.7214818458168074 0.011572441110999705 0.030859842962665737
0 0.5547201760594476 0.6613583586654067 0.024342031302447466 0.025539180382895807
13 0.5293805205232932 0.6602942261494528 0.020750584061102872 0.027667445414803923
0 0.5549197009061889 0.5940519770313166 0.022346782835033777 0.03139190922064273
0 0.5557178002931544 0.543505682523502 0.02394298160896483 0.025007114124918885
0 0.6532854503496863 0.5996386727400751 0.02035153436762016 0.02766744541480385
0 0.6846108512880817 0.6900899365961644 0.013567689578413677 0.025539180382895807
13 0.6997747396404264 0.6778524126626937 0.020750584061102872 0.026603312898849794
13 0.726052385424094 0.7071160568514284 0.02114963375458558 0.025539180382895807
0 0.7186699660946633 0.6355531451535223 0.01676008712627535 0.025007114124918815
0 0.7478005937189038 0.5421755168785595 0.02474108099593039 0.03724463805838973
0 0.7889027121476268 0.6568357954726022 0.02314488222199941 0.0345843067685049
0 0.7318386059795938 0.25086924063615385 0.016760087126275493 0.033520174252550806
0 0.7464039197917139 0.2782706529219692 0.017957236206723712 0.027667445414803784
0 0.8226224112469188 0.1561614467162485 0.033121124559067995 0.01755818651324086
0 0.8020713520325574 0.17531583200342035 0.02873157793075791 0.022878849093010876
6 0.794888457549868 0.2998193363700375 0.02314488222199941 0.03245604173659682
0 0.767154503852817 0.2599143670217628 0.023543931915482118 0.01968645154514892
0 0.8060618489673849 0.2607124664087283 0.021548683448068432 0.02447504786694182
0 0.8890641852117963 0.2532635387970503 0.01356768957841325 0.031923975478619866
0 0.8327981784307289 0.22692625902718902 0.027135379156826928 0.031391909220642764
0 0.8794869925682104 0.311258760916543 0.02234678283503385 0.02660331289884983
14 0.8910594336792101 0.27640842101904967 0.01915438528717189 0.019686451545148885
12 0.8956485051542618 0.297425038209141 0.024342031302447678 0.019154385287171928
12 0.7525891900406967 0.30114950201498003 0.022346782835033992 0.014897855223355983
0 0.7992780041781782 0.46875037327773383 0.019154385287171748 0.03405224051052777
0 0.8549454364190217 0.4323038346063096 0.023543931915482482 0.021814716577056824
12 0.7839242792296475 0.39971124091125276 0.01995248467413745 0.02176634691724068
0 0.9021880974799888 0.4313933680907921 0.020678029571378716 0.029021795889654315
0 0.9420930668282637 0.3777030456949316 0.023580209160344055 0.024184829908045272
0 0.9088993877794715 0.39027915724711515 0.031923975478619866 0.024184829908045345
12 0.6720089788301677 0.4715401857381474 0.020315257122758085 0.021282650319079933
0 0.6827107660644779 0.4355047891751599 0.030110113235516565 0.020798953720918903
0 0.7162672175618908 0.5965757563627414 0.01958971222551682 0.023701133309884454
12 0.7451076272272349 0.6195513447753845 0.020678029571378573 0.029989189085976094
0 0.807141715941371 0.5762604992399833 0.020678029571378858 0.01789677413195342
0 0.9165623368172434 0.5917387903811323 0.026845161197930168 0.027570706095171503
0 0.8302224940455218 0.680738964442739 0.017413077533792603 0.027570706095171715
