11 0.2782776349614396 0.5702656383890318 0.019280205655527 0.01970865467009432
0 0.355719794344473 0.4365895458440445 0.010925449871465319 0.016281062553556182
8 0.4951799485861183 0.5629820051413882 0.02634961439588693 0.029134532990574086
13 0.6603470437017995 0.8063410454155957 0.019922879177377836 0.025706940874035952
0 0.7024421593830334 0.6615252784918596 0.00899742930591259 0.013710368466152686
0 0.7544987146529565 0.4310197086546701 0.010282776349614409 0.01885175664095968
10 0.3978149100257069 0.181662382176521 0.021850899742930564 0.03084832904884319
6 0.47557840616966585 0.31233933161953725 0.021850899742930564 0.023136246786632383
0 0.5748714652956298 0.3813196229648672 0.010925449871465247 0.018851756640959748
0 0.5970437017994858 0.1713796058269066 0.01670951156812336 0.013710368466152544
0 0.6703084832904884 0.2579263067694944 0.01670951156812336 0.011996572407883406
