0 0.2210796915167095 0.30119965724078834 0.010282776349614409 0.016281062553556113
14 0.29370179948586117 0.3213367609254499 0.010282776349614409 0.022279348757497885
0 0.24903598971722363 0.30848329048843187 0.013496143958868884 0.022279348757497815
0 0.5616966580976864 0.620394173093402 0.01670951156812336 0.020565552699228887
8 0.5253856041131105 0.47386461011139674 0.01735218508997427 0.022279348757497815
8 0.6176092544987146 0.4494430162810626 0.017994858611825107 0.021422450728363244
8 0.6632390745501285 0.2390745501285347 0.014138817480719722 0.022279348757497885
0 0.44473007712082263 0.09168808911739504 0.011568123393316157 0.011996572407883458
0 0.49035989717223655 0.14267352185089976 0.007712082262210842 0.011139674378748925
14 0.8669665809768639 0.13710368466152528 0.023136246786632456 0.023993144815766934
