0 0.5038560411311055 0.3590402742073693 0.008997429305912661 0.015424164524421542
14 0.570694087403599 0.2879177377892031 0.012853470437017976 0.023993144815766917
0 0.9440874035989718 0.34018851756640955 0.024421593830334133 0.022279348757497885
0 0.9090616966580977 0.3419023136246787 0.02634961439588693 0.023993144815766955
15 0.38753213367609246 0.631962296486718 0.021850899742930564 0.019708654670094104
15 0.36696658097686374 0.6353898886032562 0.019280205655527 0.029991431019708727
0 0.40488431876606684 0.7390745501285346 0.019280205655527 0.03170522707797787
0 0.3852827763496144 0.7077977720651242 0.0096401028277635 0.013710368466152544
0 0.21883033419023135 0.6889460154241643 0.017352185089974305 0.01885175664095968
15 0.4170951156812339 0.22964867180805484 0.01928020565552707 0.020565552699228745
0 0.7255784061696658 0.1585261353898886 0.021850899742930637 0.029134532990574124
15 0.4588688946015423 0.6101113967437874 0.014138817480719828 0.030848329048842868
