4 0.19408740359897173 0.5291345329905741 0.025706940874035987 0.02656383890317059
4 0.4341259640102828 0.8517566409597257 0.023778920308483366 0.01885175664095968
4 0.7075835475578407 0.18123393316195371 0.012853470437018046 0.012853470437017976
7 0.21336760925449874 0.10454155955441304 0.019280205655527034 0.044558697514995735
0 0.14620822622107968 0.11482433590402742 0.02634961439588686 0.03427592116538133
0 0.10829048843187661 0.3157669237360754 0.03020565552699228 0.023136246786632383
0 0.1548843187660668 0.3191945158526135 0.025706940874036 0.028277634961439663
0 0.15809768637532134 0.6289631533847472 0.028277634961439587 0.02742073693230509
0 0.19055269922879176 0.8431876606683804 0.023778920308483293 0.037703513281919496
13 0.29145244215938304 0.7292202227934876 0.02249357326478151 0.01885175664095968
13 0.32197943444730087 0.6229648671808053 0.02570694087403598 0.022279348757497777
13 0.30944730077120824 0.6041131105398457 0.019922879177377874 0.03598971722365043
0 0.301413881748072 0.5621251071122536 0.017994858611825214 0.02742073693230502
0 0.3219794344473008 0.5732647814910026 0.016709511568123395 0.022279348757497885
0 0.3419023136246786 0.6045415595544129 0.028277634961439636 0.02313624678663275
12 0.36150385604113106 0.6011139674378748 0.016066838046272732 0.02656383890317056
13 0.2512853470437018 0.42673521850899737 0.023136246786632383 0.01713796058269068
0 0.17930591259640102 0.4087403598971723 0.020565552699228818 0.02570694087403615
0 0.2773136246786633 0.2930591259640103 0.027634961439588716 0.02742073693230509
0 0.28181233933161953 0.2365038560411311 0.02377892030848326 0.03084832904884319
0 0.1786632390745501 0.271636675235647 0.03213367609254493 0.037703513281919517
0 0.17898457583547558 0.20137103684661525 0.028920308483290497 0.029134532990574086
0 0.30976863753213363 0.1705227077977721 0.0218508997429306 0.015424164524421578
0 0.2731362467866324 0.17994858611825193 0.026992287917737768 0.020565552699228783
0 0.26317480719794345 0.15509854327335046 0.028920308483290535 0.02227934875749785
0 0.26413881748071977 0.13024850042844902 0.024421593830334203 0.027420736932305054
13 0.4106683804627249 0.14224507283633248 0.016709511568123434 0.03770351328191945
0 0.3775706940874036 0.21336760925449874 0.025064267352185043 0.03256212510711226
0 0.3374035989717224 0.20736932305055697 0.02570694087403602 0.03084832904884319
0 0.25803341902313626 0.4532990574121679 0.02249357326478151 0.032562125107112296
0 0.1860539845758355 0.7077977720651242 0.028920308483290497 0.03256212510711208
0 0.17320051413881746 0.6932305055698371 0.02892030848329048 0.022279348757497815
0 0.17352185089974292 0.6658097686375322 0.025706940874035987 0.025706940874035952
0 0.3181233933161954 0.765209940017138 0.019280205655527034 0.032562125107112226
0 0.35250642673521854 0.7772065124250215 0.023778920308483293 0.02570694087403581
0 0.3570051413881749 0.9203084832904885 0.019922879177377836 0.027420736932305085
0 0.4704370179948586 0.8423307626392459 0.024421593830334203 0.029134532990574086
0 0.4357326478149103 0.7566409597257927 0.019280205655527002 0.030848329048843225
0 0.598007712082262 0.7990574121679519 0.022493573264781595 0.03341902313624664
0 0.4415167095115682 0.6563838903170524 0.016709511568123434 0.0445586975149957
0 0.39749357326478146 0.6640959725792631 0.023778920308483293 0.029134532990574086
0 0.36953727506426737 0.6906598114824335 0.020565552699228818 0.02742073693230509
0 0.35796915167095117 0.7146529562982005 0.019280205655527 0.030848329048843225
0 0.37499999999999994 0.5454155955441302 0.019922879177377655 0.03513281919451585
0 0.44601542416452444 0.5244215938303343 0.015424164524421613 0.030848329048843156
0 0.4579048843187661 0.5137103684661526 0.023778920308483293 0.026563838903170447
0 0.3454370179948586 0.4524421593830334 0.031491002570694135 0.02742073693230502
0 0.3197300771208226 0.4430162810625536 0.025064267352185077 0.032562125107112226
0 0.35186375321336755 0.38688946015424164 0.027634961439588678 0.03684661525278493
13 0.23329048843187658 0.3650385604113111 0.024421593830334168 0.013710368466152542
0 0.22718508997429307 0.30205655526992287 0.027634961439588678 0.03513281919451582
13 0.24903598971722374 0.28534704370179953 0.02377892030848347 0.02056555269922884
0 0.422879177377892 0.26906598114824337 0.024421593830334203 0.030848329048843156
0 0.4267352185089975 0.09425878320479864 0.021850899742930707 0.023993144815766934
12 0.442159383033419 0.2056555269922879 0.01670951156812336 0.023993144815766917
12 0.4476221079691517 0.1795201371036847 0.032776349614395815 0.033419023136246756
0 0.40745501285347047 0.3479005998286204 0.011568123393316157 0.027420736932304946
0 0.3946015424164524 0.34704370179948585 0.007712082262210771 0.022279348757497885
13 0.4717223650385604 0.4207369323050557 0.024421593830334133 0.025706940874035952
0 0.500642673521851 0.3958868894601542 0.015424164524421613 0.030848329048843225
0 0.5167095115681234 0.3538988860325621 0.028277634961439518 0.022279348757497885
13 0.5298843187660668 0.194515852613539 0.01863753213367616 0.03256212510711226
0 0.5523778920308485 0.09083119108826049 0.02763496143958905 0.03084832904884315
13 0.461439588688946 0.3256212510711225 0.02570694087403602 0.020565552699228745
5 0.5086760925449871 0.310197086546701 0.019922879177377978 0.020565552699228853
0 0.5575192802056556 0.3204798628963153 0.021208226221079655 0.023993144815766917
0 0.544344473007712 0.37960582690659805 0.020565552699228818 0.03598971722365043
7 0.4974293059125964 0.5526992287917737 0.020565552699228818 0.022279348757497815
0 0.4778277634961439 0.5972579263067694 0.023778920308483224 0.025706940874035952
13 0.49839331619537275 0.7292202227934875 0.023778920308483293 0.022279348757497815
12 0.531491002570694 0.737789203084833 0.020565552699228887 0.022279348757497815
14 0.5539845758354756 0.7322193658954583 0.02570694087403602 0.021422450728363317
0 0.480719794344473 0.7849185946872322 0.021850899742930564 0.02742073693230509
0 0.5330976863753213 0.7703513281919453 0.01992287917737791 0.032562125107112226
0 0.4900385604113111 0.8504712939160239 0.023778920308483293 0.02827763496143973
13 0.4212724935732648 0.8993144815766925 0.025064267352185112 0.023136246786632314
0 0.6214652956298201 0.8500428449014567 0.023136246786632383 0.023993144815766955
0 0.6547638371219618 0.7749251074071013 0.02044717437680191 0.028582071709508057
0 0.6402529391771332 0.9215731214858839 0.02506427826833767 0.022865657367606932
0 0.8180114390012672 0.7953722817839034 0.021766346917240758 0.03429848605140989
0 0.6222792133136555 0.6311353004992685 0.022755726322569815 0.03122041679038567
0 0.6892272197409264 0.6986329621517221 0.01945779497147285 0.029021795889654527
12 0.6564128027975105 0.6788453740451397 0.01912800183636321 0.029901244249946758
4 0.7321003273051885 0.5440699128303055 0.01813862243103415 0.030340968430093155
4 0.793771643570704 0.5055940470675061 0.012202345999059077 0.015830070485266034
0 0.7259991543056589 0.5003173569057509 0.02374510572789916 0.022865657367606432
0 0.7436430870340283 0.6792850982252862 0.02011738124169227 0.02814234752936173
0 0.9210717937230517 0.37169803421296393 0.02671324394388614 0.032099865150678274
0 0.5523630686703974 0.4732743198267548 0.016159863620375532 0.03122041679038567
0 0.5688527254258829 0.3987410712919606 0.021436553782131114 0.03166014097053207
0 0.5701718979663217 0.3694994133122331 0.022096140052350534 0.025943726628630443
7 0.5691825185609926 0.3391584448821399 0.01945779497147285 0.022425933187460174
7 0.7477655012228996 0.27649774921129533 0.021766346917240754 0.02462455408819153
0 0.8302137850003268 0.3178318221450454 0.023085519457679737 0.020227312286728784
0 0.6905463922813654 0.3873082426081574 0.030670761565202723 0.018468415566143717
0 0.7154457739821481 0.38752810469823046 0.02110676064702133 0.02330538154775276
0 0.8346659923243079 0.4809694929793146 0.024074898863008513 0.021986209007313847
0 0.5850125890462586 0.3151934770641678 0.012202345999059219 0.02110676064702137
0 0.8672582631183423 0.19448918961401454 0.0267132439438862 0.031220416790385706
0 0.7343516296691299 0.11577856136783077 0.026053657673667206 0.02418482990804529
5 0.5788541664649023 0.14545994352770453 0.013851311674607701 0.022865657367606432
0 0.5948491335177231 0.1634886349137019 0.02605365767366692 0.021986209007313916
0 0.6387116204873143 0.25758960946500536 0.0201173812416922 0.02374510572789898
0 0.6918083152399774 0.328165340378483 0.022096140052350534 0.02242593318746014
0 0.7429262511819823 0.351910446106382 0.02737283021410576 0.024184829908045272
0 0.7834908068004767 0.3679603786817204 0.024074898863009144 0.022865657367606432
0 0.5900671330586323 0.37345693093354965 0.02044717437680177 0.024184829908045272
0 0.6947764534559647 0.4605223186025127 0.0253940714034475 0.03649710695214111
0 0.5709391312222694 0.4844872864204848 0.028362209619435034 0.030780692610239482
0 0.6984041779421716 0.5047145987072136 0.021436553782131114 0.020227312286728746
0 0.7041755578065916 0.4880050798616551 0.016489656755485384 0.023745105727899018
0 0.7191811454540832 0.4781112858083638 0.016159863620375744 0.031220416790385813
0 0.7246227321833933 0.44974907618892884 0.018468415566143648 0.0263834508087767
12 0.649265000810825 0.6091490914919546 0.0286920027545446 0.01978758810658256
12 0.5283958167931169 0.6029929529699066 0.02836220961943489 0.02330538154775276
12 0.408351115613183 0.5728718466298868 0.02176634691724068 0.030780692610239555
0 0.2784126203799579 0.5359350154975994 0.021766346917240716 0.0246245540881916
12 0.47068201814891775 0.3637829989703311 0.016489656755485697 0.02770262334921588
12 0.2729710336506476 0.36664120614128237 0.02605365767366699 0.022865657367606432
0 0.4266546346117718 0.511750185589554 0.02011738124169213 0.01670951884555862
0 0.43506435955706935 0.48822494195172816 0.01978758810658249 0.01978758810658249
0 0.2579654460031559 0.5436301886501592 0.020447174376801946 0.01978758810658256
0 0.2253159256272948 0.5926594347364691 0.026383450808776666 0.03166014097053207
0 0.38592518242572266 0.6091490914919546 0.02638345080877663 0.03473821023155587
0 0.413957598910048 0.611347712392686 0.01912800183636314 0.03209986515067833
0 0.4672191902302659 0.6990726863318685 0.022096140052350534 0.014071173764680794
0 0.22465633935707532 0.7562368297508846 0.024404691998118438 0.016709518845558477
