8 0.6777752637863159 0.748479962348938 0.017721984535455704 0.023347819223999977
14 0.45919023136246795 0.6281062553556127 0.01606683804627245 0.029134532990574086
14 0.24196658097686374 0.3436161096829477 0.02249357326478151 0.022279348757497885
13 0.6060411311053984 0.23993144815766926 0.01799485861182525 0.023993144815766917
8 0.7769922879177378 0.3050556983718937 0.01670951156812336 0.027420736932305054
8 0.4267352185089975 0.2930591259640103 0.020565552699228745 0.020565552699228745
14 0.40681233933161953 0.5591259640102828 0.010282776349614409 0.024850042844901454
0 0.45983290488431877 0.47686375321336755 0.010925449871465319 0.011139674378748979
0 0.18637532133676094 0.33590402742073694 0.015424164524421613 0.013710368466152544
0 0.13881748071979433 0.31876606683804626 0.015424164524421613 0.01713796058269068
0 0.7284704370179947 0.22022279348757498 0.014781491002570703 0.018851756640959748
0 0.7892030848329048 0.4310197086546701 0.011568123393316086 0.01713796058269068
