0 0.3769112527370453 0.4018244743347168 0.02166207879781723 0.02562345378100872
0 0.6369777917861938 0.6964402794837952 0.022928711026906967 0.027090901508927345
0 0.7573002576828003 0.7439799904823303 0.018895385786890984 0.023034341633319855
0 0.33856114745140076 0.3244056701660156 0.02195999212563038 0.022153768688440323
0 0.8181768655776978 0.26407793164253235 0.023432312533259392 0.02186672016978264
4 0.7959511568123392 0.8431876606683804 0.016066838046272524 0.025706940874035952
0 0.8059125964010282 0.730077120822622 0.01799485861182518 0.025706940874035952
0 0.6915167095115681 0.8131962296486718 0.015424164524421476 0.027420736932305068
0 0.30398457583547556 0.7540702656383891 0.016709511568123395 0.02056555269922896
13 0.2095115681233933 0.6491002570694087 0.015424164524421613 0.019708654670094247
13 0.1973007712082262 0.46101113967437873 0.011568123393316192 0.032562125107112226
0 0.3521850899742931 0.48843187660668386 0.01799485861182525 0.023993144815766955
0 0.3145886889460154 0.5497000856898029 0.01863753213367609 0.03513281919451579
6 0.3287275064267352 0.2699228791773779 0.027634961439588716 0.029134532990574124
13 0.5469151670951157 0.3041988003427592 0.020565552699228818 0.02570694087403602
0 0.5061053984575835 0.40916880891173946 0.01606683804627245 0.021422450728363386
13 0.5565552699228792 0.7043701799485862 0.012853470437018046 0.023993144815766955
0 0.708547557840617 0.22536418166238217 0.030205655526992246 0.020565552699228745
0 0.5719794344473007 0.14010282776349614 0.015424164524421613 0.03341902313624679
0 0.8570051413881749 0.3256212510711225 0.023778920308483293 0.018851756640959748
0 0.9579048843187661 0.4408740359897172 0.02763496143958875 0.029991431019708657
