8 0.7735646963119507 0.5091099739074707 0.020765747874975204 0.01872037723660469
0 0.25257069408740357 0.4014567266495287 0.011568123393316192 0.011139674378748908
0 0.17030848329048845 0.48500428449014565 0.019280205655527 0.010282776349614409
0 0.24967866323907453 0.16195372750642673 0.01735218508997427 0.01885175664095973
14 0.23971722365038559 0.2746358183376178 0.024421593830334168 0.014567266495287043
0 0.39620822622107965 0.1520994001713796 0.014781491002570703 0.01628106255355613
14 0.3894601542416452 0.6619537275064268 0.01799485861182518 0.021422450728363174
8 0.5616966580976864 0.6439588688946016 0.01799485861182518 0.023136246786632456
0 0.587082262210797 0.3808911739502999 0.01092544987146539 0.014567266495287043
0 0.7461439588688947 0.3817480719794344 0.014138817480719865 0.01799485861182525
0 0.6516709511568124 0.2159383033419023 0.015424164524421542 0.020565552699228783
0 0.8043059125964009 0.2047986289631534 0.019922879177377836 0.025706940874035987
