7 0.6843881607055664 0.6403873562812805 0.028574584051966667 0.02933019958436489
4 0.9763616919517517 0.4525271952152252 0.021544616669416428 0.0198773592710495
8 0.7726606726646423 0.13978466391563416 0.022626342251896858 0.029201913625001907
7 0.5319512486457825 0.5057065486907959 0.02344970777630806 0.026703286916017532
8 0.7897171974182129 0.6292290687561035 0.020289795473217964 0.0245410967618227
7 0.6861903071403503 0.35235586762428284 0.01704278588294983 0.023572387173771858
7 0.7052983641624451 0.12795986235141754 0.020198974758386612 0.0296588446944952
4 0.11318530067609943 0.32331898808479315 0.023034736882789876 0.01875915564596652
4 0.2544873356819153 0.32459208369255066 0.018657302483916283 0.02483406662940979
4 0.347329705953598 0.14067190885543823 0.017666442319750786 0.025825317949056625
8 0.6559759378433228 0.3302482068538666 0.02065911889076233 0.02692808024585247
4 0.22404389083385468 0.2626003921031952 0.015303664840757847 0.025026386603713036
4 0.8341091275215149 0.474347323179245 0.017224853858351707 0.025248493999242783
0 0.776256799697876 0.4249870479106903 0.024259032681584358 0.029590941965579987
12 0.1972656548023224 0.05827672407031059 0.019460540264844894 0.022844288498163223
4 0.19914034008979797 0.23151782155036926 0.018274353817105293 0.022570861503481865
4 0.5487284064292908 0.48201537132263184 0.014974121004343033 0.02095886319875717
4 0.8278343677520752 0.6887810826301575 0.0183261726051569 0.024114705622196198
0 0.4606613218784332 0.670957088470459 0.024380097165703773 0.030832763761281967
4 0.8163993954658508 0.3310445249080658 0.01753656007349491 0.019207580015063286
7 0.2701221704483032 0.1247747391462326 0.02094219997525215 0.02989484742283821
4 0.5320470929145813 0.5682927370071411 0.015304015949368477 0.020603923127055168
0 0.15423345565795898 0.7041584253311157 0.024200165644288063 0.02256852202117443
4 0.8743618130683899 0.42031824588775635 0.017575683072209358 0.02119026705622673
0 0.42504721879959106 0.31478434801101685 0.019198792055249214 0.03078841231763363
0 0.4350626468658447 0.7889029383659363 0.024298951029777527 0.030650228261947632
4 0.7403218746185303 0.7495911717414856 0.014408264309167862 0.02131192944943905
12 0.1828932762145996 0.3044973909854889 0.018871689215302467 0.02698695845901966
7 0.6934430003166199 0.4036458432674408 0.017831604927778244 0.021489135921001434
4 0.7921674847602844 0.429544597864151 0.020401183515787125 0.02526383474469185
4 0.896026074886322 0.37981942296028137 0.015317505225539207 0.022358763962984085
7 0.642479419708252 0.6782054305076599 0.02201818861067295 0.02242175303399563
4 0.7961353659629822 0.2520790696144104 0.01384582556784153 0.021885985508561134
7 0.5815258622169495 0.0918368548154831 0.017905090004205704 0.028003627434372902
0 0.06550771743059158 0.21434643864631653 0.020481299608945847 0.02716001309454441
4 0.08860225230455399 0.3425535559654236 0.015246895141899586 0.02759362757205963
7 0.4652625620365143 0.09724414348602295 0.0214686281979084 0.02464984729886055
12 0.2530071492519967 0.2796238066808934 0.01519288681447506 0.02118275873363018
12 0.43626490235328674 0.29034265875816345 0.015963347628712654 0.02378767915070057
5 0.282133676092545 0.22579263067694946 0.03213367609254497 0.01456726649528708
12 0.10700514138817482 0.48414738646101113 0.025064267352185095 0.02570694087403602
11 0.10989717223650386 0.5574121679520136 0.019280205655527 0.02656383890317052
4 0.29113110539845766 0.6820908311910883 0.016709511568123395 0.020565552699228818
0 0.3541131105398458 0.7489288774635818 0.014138817480719865 0.01713796058269068
12 0.4505141388174807 0.48500428449014565 0.01670951156812336 0.02742073693230509
0 0.35732647814910024 0.4802913453299058 0.010282776349614338 0.016281062553556113
12 0.32037275064267345 0.421165381319623 0.01992287917737791 0.01799485861182525
0 0.2689588688946015 0.19965724078834618 0.009640102827763534 0.013710368466152544
4 0.6799485861182519 0.233076263924593 0.015424164524421542 0.02913453299057416
0 0.6253213367609254 0.11568123393316196 0.008997429305912661 0.020565552699228783
0 0.8566838046272494 0.09811482433590403 0.014138817480719722 0.012853470437017993
0 0.9582262210796916 0.4318766066838046 0.016709511568123503 0.020565552699228745
0 0.8897814910025708 0.48671808054841476 0.00964010282776357 0.01713796058269068
5 0.822300771208226 0.50471293916024 0.021208226221079655 0.01713796058269068
12 0.7895244215938303 0.6088260497000857 0.019922879177377836 0.021422450728363386
0 0.7811696658097687 0.7287917737789203 0.021208226221079655 0.016281062553556182
0 0.4791131105398458 0.733076263924593 0.014781491002570703 0.01970865467009432
12 0.40167095115681234 0.7476435304198801 0.021850899742930637 0.023136246786632456
0 0.35861182519280205 0.6289631533847472 0.015424164524421542 0.015424164524421613
0 0.28598971722365035 0.6058269065981148 0.01413881748071983 0.030848329048843225
0 0.3084832904884316 0.5655526992287916 0.012853470437018009 0.015424164524422145
4 0.2525706940874036 0.5634104541559555 0.016709511568123434 0.016281062553556113
0 0.43219794344473006 0.39502999143101974 0.013496143958868884 0.020565552699228818
10 0.43316195372750643 0.37660668380462725 0.01799485861182518 0.014567266495287043
4 0.5118894601542416 0.3813196229648672 0.014781491002570703 0.025706940874035952
0 0.3444730077120823 0.24892887746358183 0.01799485861182518 0.021422450728363317
0 0.5253856041131106 0.22150814053127676 0.013496143958868884 0.011139674378748942
0 0.6510282776349614 0.5419880034275921 0.0064267352185089525 0.016281062553556113
5 0.7210796915167095 0.42544987146529567 0.007712082262210771 0.021422450728363317
0 0.28116966580976865 0.4957155098543274 0.014781491002570668 0.012853470437017976
14 0.25546272493573263 0.49785775492716366 0.00835475578406168 0.020565552699228745
0 0.1661311053984576 0.4931448157669237 0.018637532133676107 0.016281062553556113
14 0.14138817480719795 0.4524421593830334 0.012853470437017976 0.025706940874035952
0 0.15616966580976865 0.3538988860325621 0.00642673521850897 0.015424164524421542
10 0.20083547557840617 0.6966580976863753 0.022493573264781474 0.023993144815766813
0 0.3946015424164524 0.18680377035132822 0.015424164524421542 0.017137960582690646
0 0.24871465295629822 0.09468723221936588 0.015424164524421613 0.0231362467866324
0 0.5960796915167096 0.18423307626392457 0.014781491002570632 0.02227934875749785
0 0.6262853470437019 0.1649528706083976 0.013496143958868884 0.014567266495287043
0 0.5530205655526992 0.27634961439588696 0.0096401028277635 0.01285347043701801
0 0.7657455012853469 0.7150814053127678 0.013496143958868884 0.017994858611825322
6 0.865681233933162 0.7146529562982005 0.014138817480719865 0.02742073693230509
13 0.8913881748071979 0.12125107112253641 0.023136246786632456 0.026563838903170538
