0 0.547558605670929 0.17009297013282776 0.022128906100988388 0.028025684878230095
0 0.4526694118976593 0.259738028049469 0.018008239567279816 0.026111694052815437
0 0.38792693614959717 0.31185805797576904 0.012456757016479969 0.0374816469848156
0 0.6060037016868591 0.34532275795936584 0.015206664800643921 0.02319018542766571
0 0.17297250032424927 0.16357940435409546 0.02248835749924183 0.02529626525938511
4 0.6843177676200867 0.726149320602417 0.024779662489891052 0.023870117962360382
0 0.03583589568734169 0.4388795495033264 0.022842271253466606 0.03166329115629196
0 0.8127357363700867 0.43778353929519653 0.024857178330421448 0.022065307945013046
0 0.6897054314613342 0.1761072725057602 0.0197831429541111 0.026237711310386658
0 0.39604616165161133 0.1526215523481369 0.0199742428958416 0.02655322290956974
0 0.5388817480719793 0.10111396743787492 0.023778920308483182 0.027420736932305078
0 0.4177377892030848 0.3234790059982862 0.020565552699228818 0.03341902313624679
0 0.4273778920308483 0.29091688089117396 0.021850899742930564 0.016281062553556075
14 0.42994858611825193 0.2566409597257926 0.019280205655527 0.011139674378748908
0 0.4187017994858611 0.23179091688089115 0.007069408740359861 0.017994858611825214
0 0.4055269922879177 0.24378748928877464 0.007712082262210771 0.016281062553556148
12 0.4434447300771208 0.2236503856041131 0.015424164524421684 0.018851756640959748
0 0.3801413881748072 0.2707797772065124 0.007069408740359932 0.00856898029134534
4 0.8303341902313625 0.7215081405312768 0.020565552699228818 0.01713796058269068
4 0.5138174807197944 0.7896315338474722 0.010925449871465247 0.01970865467009432
12 0.7789203084832904 0.20265638389031704 0.01799485861182518 0.01799485861182518
4 0.7802056555269923 0.12596401028277637 0.015424164524421542 0.017137960582690664
11 0.7188303341902312 0.07369323050556983 0.010925449871465247 0.03084832904884319
0 0.6770565552699227 0.10882604970008568 0.013496143958868884 0.015424164524421595
0 0.6356041131105399 0.10154241645244216 0.011568123393316157 0.01628106255355613
0 0.6063624678663239 0.19408740359897173 0.007069408740359932 0.014567266495287043
0 0.6317480719794344 0.2189374464438732 0.00899742930591259 0.01799485861182518
0 0.6156812339331619 0.22922022279348758 0.010282776349614409 0.011139674378748942
0 0.6712724935732648 0.21422450728363324 0.008354755784061751 0.0068551842330762365
0 0.8576478149100256 0.21765209940017136 0.012210796915167067 0.01371036846615251
14 0.824228791773779 0.2043701799485861 0.016066838046272524 0.024850042844901454
0 0.7615681233933163 0.4395886889460154 0.01670951156812336 0.011996572407883477
0 0.7136889460154242 0.5124250214224507 0.010925449871465247 0.018851756640959748
0 0.834190231362468 0.6092544987146529 0.023136246786632456 0.030848329048843156
0 0.8605398457583547 0.658954584404456 0.014138817480719722 0.01885175664095982
6 0.7705655526992288 0.6392459297343617 0.016709511568123503 0.023993144815767024
0 0.7773136246786632 0.622107969151671 0.007069408740359932 0.013710368466152473
0 0.7561053984575835 0.572407883461868 0.02634961439588693 0.020565552699228745
0 0.652956298200514 0.6461011139674379 0.012853470437018046 0.013710368466152615
0 0.6362467866323908 0.6341045415595545 0.012853470437017976 0.013710368466152615
12 0.618573264781491 0.6289631533847472 0.016066838046272524 0.020565552699228745
0 0.512853470437018 0.6079691516709512 0.01542416452442147 0.023136246786632383
0 0.5716580976863753 0.6889460154241647 0.0070694087403600035 0.011996572407883406
0 0.6134318766066837 0.7262210796915167 0.021208226221079655 0.016281062553556182
0 0.6217866323907455 0.7009425878320479 0.0070694087403600035 0.010282776349614267
0 0.6642030848329048 0.6919451585261354 0.012210796915167067 0.02656383890317059
0 0.6548843187660668 0.7750642673521851 0.00899742930591259 0.016281062553556182
12 0.612146529562982 0.7797772065124251 0.008354755784061751 0.022279348757497815
13 0.6089331619537276 0.813624678663239 0.02634961439588693 0.021422450728363317
0 0.6703084832904884 0.8384747215081404 0.01670951156812336 0.036846615252784855
0 0.752892030848329 0.7617823479005997 0.0173521850899742 0.025706940874035952
0 0.8486503856041119 0.7489288774635813 0.007069408740359929 0.0068551842330753865
0 0.1805912596401028 0.7090831191088262 0.014138817480719794 0.012853470437018046
0 0.05269922879177377 0.523993144815767 0.012853470437018002 0.024850042844901523
13 0.08547557840616968 0.44558697514995715 0.032133676092544985 0.01713796058269068
0 0.08836760925449871 0.42716366752356466 0.014781491002570703 0.012853470437017976
0 0.08836760925449871 0.3740359897172236 0.012210796915167101 0.012853470437017976
0 0.25032133676092544 0.5604113110539846 0.027634961439588643 0.032562125107112226
14 0.40102827763496146 0.5029991431019709 0.01799485861182518 0.023993144815766955
6 0.3518637532133676 0.33847472150814056 0.025064267352185112 0.015424164524421613
0 0.2827763496143959 0.3804627249357327 0.03341902313624679 0.023993144815766882
12 0.2059768637532134 0.39931448157669236 0.01349614395886892 0.015424164524421542
13 0.211439588688946 0.3847472150814053 0.023136246786632418 0.015424164524421542
0 0.25224935732647813 0.3346186803770351 0.016066838046272486 0.024850042844901454
12 0.2480719794344473 0.30634104541559554 0.010282776349614409 0.023136246786632418
13 0.1953727506426735 0.2639245929734362 0.020565552699228818 0.020565552699228783
13 0.30462724935732655 0.20394173093401882 0.020565552699228783 0.020565552699228783
0 0.27859897172236503 0.18894601542416453 0.01735218508997427 0.019708654670094247
0 0.2737789203084833 0.11739502999143102 0.010282776349614373 0.018851756640959748
0 0.2557840616966581 0.1443873179091688 0.015424164524421578 0.019708654670094247
0 0.23361182519280205 0.12724935732647816 0.007069408740359932 0.009425878320479874
0 0.1924807197943445 0.15595544130248498 0.02377892030848326 0.025706940874036004
12 0.21561696658097687 0.17994858611825193 0.01992287917737791 0.011996572407883441
0 0.21722365038560412 0.15766923736075406 0.012853470437017976 0.0205655526992288
0 0.11985861182519279 0.24507283633247645 0.013496143958868903 0.0068551842330762365
0 0.15616966580976863 0.2789203084832905 0.011568123393316192 0.01799485861182518
0 0.12724935732647816 0.292630676949443 0.015424164524421595 0.016281062553556113
12 0.10636246786632392 0.33419023136246795 0.01992287917737789 0.018851756640959748
0 0.14010282776349617 0.33419023136246784 0.014138817480719794 0.013710368466152544
0 0.11953727506426734 0.4220222793487575 0.017994858611825197 0.02656383890317052
0 0.5173521850899744 0.2159383033419023 0.00899742930591259 0.023993144815766917
12 0.43926735218508994 0.1165381319622965 0.01735218508997434 0.023993144815766934
0 0.44023136246786637 0.10025706940874037 0.011568123393316228 0.01371036846615251
0 0.43251928020565555 0.07326478149100257 0.014138817480719794 0.021422450728363317
0 0.47236503856041123 0.07540702656383891 0.016709511568123434 0.018851756640959724
0 0.5880462724935732 0.2574978577549272 0.014138817480719936 0.019708654670094212
0 0.4839331619537275 0.3723221936589546 0.011568123393316157 0.017994858611825107
0 0.5147814910025708 0.3397600685518424 0.012853470437017905 0.019708654670094247
0 0.3576478149100257 0.44001713796058267 0.010925449871465319 0.012853470437018046
0 0.33226221079691515 0.4378748928877464 0.015424164524421613 0.018851756640959748
0 0.3165167095115681 0.461439588688946 0.02120822622107962 0.021422450728363386
0 0.23907455012853468 0.4524421593830334 0.017994858611825214 0.010282776349614409
0 0.26446015424164526 0.44515852613538986 0.014781491002570703 0.01799485861182518
0 0.2059768637532134 0.6688089117395029 0.01349614395886892 0.01970865467009432
0 0.23682519280205652 0.6246786632390745 0.017352185089974305 0.01713796058269068
4 0.3653598971722365 0.7523564695801198 0.016066838046272524 0.020565552699228676
0 0.3409383033419023 0.6790916880891175 0.010925449871465319 0.01799485861182518
0 0.33868894601542415 0.6139674378748928 0.019280205655527 0.021422450728363244
0 0.42320051413881743 0.6662382176520993 0.014781491002570703 0.012853470437017905
0 0.6458868894601543 0.5668380462724936 0.015424164524421613 0.019708654670094177
4 0.68573264781491 0.5214224507283634 0.01670951156812336 0.02485004284490138
0 0.6635604113110538 0.4005998286203941 0.012210796915167068 0.021422450728363317
13 0.4537275064267352 0.389031705227078 0.020565552699228745 0.03598971722365036
0 0.5398457583547558 0.3050556983718938 0.015424164524421542 0.017137960582690646
0 0.5308483290488433 0.286203941730934 0.015424164524421613 0.010282776349614373
0 0.5745501285347043 0.16795201371036847 0.010282776349614338 0.015424164524421578
0 0.5890102827763496 0.1435304198800343 0.013496143958868884 0.011139674378748942
0 0.6458868894601543 0.3149100257069409 0.01670951156812336 0.024850042844901415
0 0.6458868894601543 0.29263067694944306 0.014138817480719794 0.017994858611825214
13 0.7152956298200513 0.19922879177377895 0.021850899742930637 0.023136246786632418
12 0.3264781491002571 0.3658954584404456 0.015424164524421684 0.020565552699228818
14 0.32519280205655526 0.34661525278491856 0.025706940874035987 0.016281062553556182
0 0.30205655526992287 0.33590402742073694 0.017994858611825214 0.023993144815766955
