0 0.7708960175514221 0.12950028479099274 0.02113214135169983 0.02574136294424534
13 0.5841902313624678 0.43873179091688086 0.012853470437018046 0.02742073693230502
0 0.1918380462724936 0.30162810625535563 0.016066838046272486 0.023993144815766917
0 0.1683804627249357 0.30162810625535563 0.011568123393316192 0.010282776349614409
14 0.2403598971722365 0.2699228791773779 0.012853470437017976 0.015424164524421649
0 0.9048843187660668 0.3444730077120823 0.02570694087403581 0.023993144815766955
0 0.9460154241645244 0.3419023136246787 0.02570694087403609 0.02913453299057416
0 0.8769280205655526 0.7035132819194516 0.01092544987146539 0.015424164524421542
8 0.6982647814910027 0.7416452442159382 0.0173521850899742 0.024850042844901596
8 0.1773778920308483 0.5565552699228792 0.015424164524421578 0.024850042844901454
0 0.5253856041131105 0.5715509854327335 0.008354755784061751 0.011996572407883406
15 0.33226221079691515 0.3234790059982862 0.021850899742930564 0.023136246786632418
0 0.4338046272493574 0.2973436161096829 0.010282776349614338 0.011996572407883477
0 0.5176735218508998 0.2352185089974293 0.0096401028277635 0.011139674378748942
6 0.7920951156812339 0.4944301628106256 0.014781491002570703 0.032562125107112226
8 0.42320051413881743 0.7583547557840618 0.014781491002570703 0.015424164524421684
0 0.6905526992287918 0.7720651242502143 0.014781491002570703 0.025706940874035952
