0 0.14216086134352843 0.12288232823161867 0.02441677823662758 0.01972470059990883
0 0.43323418498039246 0.6913107796520276 0.016918182373046875 0.021184733137488365
8 0.2879177377892031 0.4815766923736075 0.020565552699228783 0.023993144815766882
12 0.23296915167095114 0.5604113110539847 0.022493573264781474 0.018851756640959748
6 0.22204370179948582 0.5492716366752357 0.01349614395886892 0.022279348757497815
6 0.26156812339331614 0.7167952013710368 0.0218508997429306 0.023136246786632314
0 0.7082262210796916 0.741216795201371 0.012853470437017905 0.0359897172236505
0 0.7239717223650386 0.6996572407883462 0.023778920308483293 0.01970865467009432
0 0.8547557840616966 0.6769494430162811 0.02056555269922896 0.030848329048843225
0 0.6333547557840616 0.7994858611825194 0.025064267352185112 0.01713796058269068
0 0.8833547557840618 0.4185946872322194 0.022493573264781474 0.026563838903170447
0 0.8830334190231364 0.29048843187660667 0.028277634961439587 0.022279348757497885
0 0.7422879177377892 0.11568123393316196 0.024421593830334133 0.025706940874035987
