14 0.7972365038560412 0.4897172236503856 0.01863753213367616 0.021422450728363386
8 0.5748714652956298 0.19922879177377895 0.022493573264781547 0.016281062553556113
6 0.6799485861182519 0.7476435304198801 0.01799485861182518 0.031705227077977724
0 0.5263496143958869 0.6508140531276778 0.021850899742930564 0.024850042844901454
6 0.47332904884318766 0.7446443873179092 0.022493573264781474 0.025706940874035952
8 0.35764781491002573 0.3084832904884318 0.014781491002570703 0.027420736932305054
0 0.3939588688946016 0.2660668380462725 0.011568123393316157 0.012853470437017976
8 0.5594473007712082 0.6473864610111397 0.01863753213367616 0.03856041131105385
8 0.3329048843187661 0.6713796058269065 0.024421593830334203 0.021422450728363317
0 0.4032776349614396 0.6079691516709511 0.014781491002570703 0.029991431019708584
