4 0.9759973287582397 0.4547664523124695 0.021396422758698463 0.01937471516430378
4 0.7470777630805969 0.624428391456604 0.0142213748767972 0.03228531777858734
0 0.10646162182092667 0.1803717315196991 0.0340743325650692 0.03232482820749283
7 0.7844789028167725 0.13477420806884766 0.021735595539212227 0.029104074463248253
4 0.3246355652809143 0.1420423537492752 0.015351745299994946 0.02461770549416542
4 0.650745689868927 0.6592168807983398 0.02069738693535328 0.026211140677332878
4 0.09096080809831619 0.3451136350631714 0.017724793404340744 0.026302022859454155
4 0.17718228697776794 0.23828396201133728 0.015424422919750214 0.02839737944304943
12 0.1969187706708908 0.05926400423049927 0.019492829218506813 0.022630056366324425
4 0.8723425269126892 0.4714699685573578 0.019914977252483368 0.023275837302207947
12 0.626318097114563 0.594254732131958 0.016617370769381523 0.02555871568620205
4 0.1933995485305786 0.32828864455223083 0.015993012115359306 0.02135379984974861
7 0.32866570353507996 0.5023611187934875 0.015389617532491684 0.025985758751630783
12 0.5196853280067444 0.44605553150177 0.017514709383249283 0.02549503557384014
11 0.10690334439277649 0.32894331216812134 0.015248917043209076 0.01776784285902977
7 0.7420557737350464 0.39864689111709595 0.02035614103078842 0.02696789614856243
4 0.7376940250396729 0.32234200835227966 0.016090454533696175 0.02488478645682335
12 0.8336891531944275 0.189482182264328 0.01925354078412056 0.026446472853422165
0 0.13822133839130402 0.10611455142498016 0.01689494401216507 0.030933573842048645
0 0.4513111710548401 0.1747513860464096 0.022618865594267845 0.023050302639603615
0 0.6799719333648682 0.24303320050239563 0.023785583674907684 0.03344804048538208
8 0.6160025706940874 0.5586975149957155 0.012210796915167138 0.023993144815766882
8 0.7342544987146529 0.5891173950299915 0.021208226221079655 0.01970865467009432
0 0.08515424164524422 0.604541559554413 0.02249357326478149 0.023136246786632314
12 0.26510282776349614 0.056555269922879174 0.01735218508997427 0.02056555269922879
0 0.17544987146529564 0.06555269922879177 0.016709511568123395 0.01628106255355612
0 0.22654241645244216 0.22750642673521854 0.013496143958868884 0.023136246786632418
13 0.4373393316195373 0.16838046272493576 0.014781491002570703 0.021422450728363317
12 0.5176735218508998 0.3106255355612682 0.01992287917737791 0.023136246786632383
10 0.5044987146529563 0.3924592973436161 0.019280205655527 0.023993144815766955
4 0.3213367609254499 0.38731790916880887 0.020565552699228783 0.015424164524421542
13 0.3004498714652956 0.38089117395029987 0.01992287917737791 0.02656383890317052
5 0.21915167095115684 0.5544130248500428 0.016709511568123395 0.020565552699228818
8 0.2204370179948586 0.6799485861182518 0.016709511568123395 0.02656383890317059
0 0.27602827763496146 0.7844901456726648 0.022493573264781474 0.02656383890317059
0 0.4232005141388175 0.7930591259640103 0.013496143958868884 0.016281062553556182
0 0.33772493573264784 0.829477292202228 0.014781491002570703 0.020565552699228818
12 0.39620822622107965 0.639674378748929 0.01735218508997427 0.01799485861182518
13 0.3274421593830334 0.543273350471294 0.023778920308483293 0.022279348757497815
12 0.3965295629820051 0.5766923736075407 0.021850899742930564 0.013710368466152473
0 0.47204370179948585 0.5531276778063411 0.01735218508997427 0.011139674378748908
0 0.48618251928020567 0.5659811482433591 0.023778920308483293 0.023136246786632383
0 0.56073264781491 0.622107969151671 0.013496143958868884 0.022279348757497815
0 0.6680591259640103 0.7540702656383891 0.012210796915167067 0.029134532990574086
0 0.7143316195372751 0.7797772065124251 0.016066838046272524 0.015424164524421542
12 0.7789203084832905 0.7896315338474722 0.010282776349614409 0.021422450728363174
0 0.7882390745501285 0.7523564695801199 0.00964010282776357 0.013710368466152544
0 0.8643958868894601 0.6568123393316195 0.011568123393316228 0.019708654670094177
0 0.7901670951156813 0.6936589545844045 0.01606683804627238 0.012853470437017905
0 0.9588688946015423 0.43573264781491006 0.012853470437018046 0.024850042844901523
0 0.9090616966580979 0.5072836332476435 0.01863753213367616 0.01713796058269061
0 0.6205012853470437 0.16580976863753213 0.010925449871465319 0.01285347043701801
0 0.6288560411311054 0.21679520137103686 0.016066838046272524 0.01371036846615251
8 0.606362467866324 0.12210796915167094 0.014781491002570632 0.029991431019708675
8 0.5327763496143959 0.10325621251071122 0.020565552699228745 0.019708654670094247
8 0.45854755784061696 0.2973436161096829 0.013496143958868884 0.023993144815766917
0 0.4726863753213367 0.2879177377892031 0.007069408740359932 0.011996572407883512
13 0.43219794344473006 0.37874892887746353 0.025064267352185112 0.011996572407883477
0 0.36664524421593825 0.6079691516709512 0.012210796915167138 0.011139674378748979
13 0.34479434447300766 0.6452442159383034 0.025064267352185112 0.022279348757497885
0 0.3884961439588689 0.6011139674378749 0.012210796915167138 0.014567266495287043
0 0.5883676092544987 0.5407026563838904 0.014781491002570774 0.022279348757497815
10 0.44055269922879176 0.40317052270779785 0.014781491002570703 0.019708654670094247
11 0.2985218508997429 0.3324764353041988 0.014781491002570703 0.025706940874036056
11 0.24871465295629822 0.35261353898886033 0.024421593830334203 0.024850042844901454
6 0.30044987146529567 0.23136246786632392 0.022493573264781474 0.025706940874035987
0 0.4633676092544987 0.13196229648671806 0.01670951156812336 0.022279348757497833
12 0.5115681233933163 0.26178234790059984 0.010282776349614338 0.021422450728363317
12 0.47814910025706936 0.06383890317052271 0.021850899742930564 0.029991431019708664
6 0.5745501285347043 0.39674378748928874 0.017994858611825107 0.022279348757497885
13 0.532133676092545 0.5368466152527849 0.01799485861182518 0.029991431019708584
0 0.6706298200514138 0.7279348757497857 0.01478149100257056 0.017994858611825322
0 0.6905526992287918 0.7356469580119966 0.010925449871465247 0.01799485861182518
0 0.7095115681233932 0.7155098543273352 0.010282776349614409 0.01713796058269068
12 0.6516709511568124 0.4824335904027421 0.015424164524421542 0.011996572407883406
0 0.6950514138817481 0.44601542416452444 0.012210796915167067 0.00942587832047984
0 0.7676735218508998 0.47943444730077117 0.016066838046272524 0.029991431019708657
0 0.743573264781491 0.48329048843187666 0.014138817480719722 0.013710368466152473
0 0.6198586118251928 0.2922022279348757 0.01863753213367616 0.02227934875749785
12 0.6086118251928021 0.27292202227934875 0.01670951156812336 0.023136246786632383
5 0.827120822622108 0.3676092544987146 0.019280205655527 0.020565552699228818
4 0.8197300771208227 0.382604970008569 0.01606683804627238 0.019708654670094247
12 0.791452442159383 0.3329048843187661 0.01735218508997434 0.016281062553556113
0 0.7201156812339332 0.1649528706083976 0.01606683804627238 0.021422450728363334
0 0.877892030848329 0.18894601542416453 0.005141388174807133 0.023136246786632383
11 0.06780205655526993 0.4695801199657241 0.019922879177377898 0.023993144815766955
0 0.11503856041131105 0.46658097686375327 0.015424164524421595 0.023136246786632383
12 0.2773136246786632 0.6358183376178235 0.01992287917737791 0.022279348757497885
12 0.2859897172236504 0.5458440445586975 0.016709511568123395 0.037703513281919496
8 0.15488431876606681 0.3406169665809769 0.019280205655527 0.023136246786632383
12 0.3528277634961439 0.11696658097686376 0.019280205655527 0.021422450728363317
12 0.3332262210796915 0.10839760068551843 0.016066838046272524 0.02999143101970864
