0 0.651503324508667 0.7387298941612244 0.02365570142865181 0.020671386271715164
0 0.23595254123210907 0.31463006138801575 0.02323402464389801 0.025903034955263138
0 0.12539122998714447 0.39764249324798584 0.021209510043263435 0.022753337398171425
0 0.25064267352185093 0.6550985432733505 0.010282776349614373 0.016281062553556182
14 0.16259640102827766 0.27763496143958877 0.01928020565552705 0.025706940874036004
0 0.5337403598971723 0.3436161096829477 0.0096401028277635 0.015424164524421613
12 0.5504498714652957 0.3260497000856898 0.01735218508997427 0.014567266495287043
8 0.8110539845758354 0.7502142245072837 0.015424164524421542 0.021422450728363174
0 0.8634318766066837 0.7155098543273352 0.009640102827763428 0.010282776349614409
0 0.8547557840616966 0.6131105398457584 0.010282776349614409 0.012853470437018046
0 0.9366966580976864 0.6161096829477292 0.012210796915167209 0.013710368466152473
0 0.6362467866323908 0.3731790916880891 0.012853470437017976 0.01628106255355604
0 0.8868894601542416 0.38174807197943444 0.01670951156812336 0.019708654670094247
0 0.968508997429306 0.337617823479006 0.019280205655526857 0.025706940874035952
0 0.5263496143958869 0.15681233933161956 0.008997429305912519 0.011996572407883477
13 0.384961439588689 0.6508140531276778 0.023136246786632383 0.024850042844901454
0 0.2728149100257069 0.5651242502142245 0.00835475578406168 0.011139674378748908
0 0.29048843187660667 0.5471293916023993 0.008997429305912625 0.011139674378748979
8 0.2699228791773779 0.23778920308483292 0.021850899742930637 0.019708654670094285
12 0.7461439588688947 0.401885175664096 0.025706940874035952 0.03427592116538129
0 0.7294344473007712 0.3436161096829477 0.007712082262210771 0.011996572407883477
