4 0.7137144804000854 0.5435064435005188 0.01790197752416134 0.02521895430982113
4 0.6261774897575378 0.42486345767974854 0.017972229048609734 0.022132039070129395
4 0.7419584393501282 0.648293673992157 0.019414551556110382 0.02620393969118595
4 0.12064652889966965 0.33849844336509705 0.023685364052653313 0.02601597085595131
7 0.4316982924938202 0.3478603959083557 0.015505523420870304 0.02235756441950798
4 0.25771045684814453 0.23683439195156097 0.01661776751279831 0.025904031470417976
4 0.38293448090553284 0.20042403042316437 0.018617432564496994 0.020263001322746277
8 0.7636852264404297 0.14308702945709229 0.020259398967027664 0.029617594555020332
8 0.4833192825317383 0.5202245116233826 0.019707122817635536 0.02195039950311184
4 0.28618451952934265 0.6387775540351868 0.01900448650121689 0.026982096955180168
7 0.6460039019584656 0.5972617268562317 0.019036071375012398 0.03109891712665558
12 0.5398670434951782 0.33337271213531494 0.017217589542269707 0.026075642555952072
0 0.4107421934604645 0.23520565032958984 0.0214385986328125 0.029787639155983925
4 0.14050352573394775 0.26019200682640076 0.018987946212291718 0.027247903868556023
7 0.1624975949525833 0.07827311754226685 0.02139773592352867 0.02967345155775547
4 0.4664169251918793 0.4602770209312439 0.01570434495806694 0.02130497246980667
4 0.4313759207725525 0.5760005116462708 0.016573699191212654 0.022792072966694832
11 0.10236312448978424 0.42927807569503784 0.027573181316256523 0.02685559168457985
12 0.7344891428947449 0.40607860684394836 0.016150696203112602 0.022808145731687546
12 0.5331292748451233 0.7600696682929993 0.020947815850377083 0.019312337040901184
12 0.395816445350647 0.3286789655685425 0.01760595664381981 0.018483662977814674
12 0.7911937832832336 0.5376622080802917 0.014968140050768852 0.02422346919775009
11 0.31691303849220276 0.19711214303970337 0.018066009506583214 0.023947693407535553
4 0.7406594157218933 0.6413467526435852 0.02196820080280304 0.02808992564678192
7 0.3151145577430725 0.3364492654800415 0.017077362164855003 0.03008805401623249
4 0.8027679920196533 0.19835998117923737 0.016373412683606148 0.01769803836941719
4 0.31675609946250916 0.2349788397550583 0.01611575298011303 0.024451639503240585
4 0.48993396759033203 0.34811311960220337 0.015420318581163883 0.01950136385858059
4 0.6329522132873535 0.7962613701820374 0.02095642127096653 0.022748127579689026
8 0.18395939469337463 0.3876458406448364 0.018304016441106796 0.02066483534872532
4 0.8505011200904846 0.7230870723724365 0.017114441841840744 0.025298502296209335
4 0.2509464621543884 0.05156338959932327 0.018210357055068016 0.022976459935307503
12 0.9411746859550476 0.40323010087013245 0.019189881160855293 0.02440022863447666
4 0.9035355448722839 0.4324806332588196 0.014928406104445457 0.0220287274569273
0 0.6335951089859009 0.6485701203346252 0.01409588661044836 0.02095593325793743
4 0.5118423700332642 0.11845078319311142 0.017781738191843033 0.026531748473644257
7 0.5311281681060791 0.6818270683288574 0.01750946044921875 0.023766804486513138
4 0.7515299320220947 0.4276878237724304 0.018117187544703484 0.022588012740015984
7 0.2660653591156006 0.1393936723470688 0.021200453862547874 0.024914611130952835
4 0.9692581295967102 0.443904310464859 0.02050170861184597 0.018692748621106148
7 0.38523024320602417 0.5663979649543762 0.021297363564372063 0.02485734038054943
0 0.5557105541229248 0.19500257074832916 0.017364196479320526 0.026560526341199875
13 0.3536298871040344 0.81148761510849 0.020694153383374214 0.02046329714357853
4 0.7657682299613953 0.6934970617294312 0.011297118850052357 0.025229044258594513
13 0.22365038560411313 0.20608397600685519 0.025706940874035987 0.021422450728363317
0 0.3688946015424165 0.10796915167095116 0.01799485861182518 0.017137960582690664
12 0.24742930591259643 0.09425878320479864 0.011568123393316192 0.023993144815766934
13 0.23039845758354757 0.3916023993144816 0.016066838046272486 0.022279348757497885
0 0.28952442159383035 0.37275064267352176 0.014781491002570703 0.011996572407883477
0 0.07712082262210797 0.5094258783204799 0.017994858611825197 0.024850042844901523
5 0.3383676092544987 0.7536418166238218 0.01863753213367616 0.012853470437017905
0 0.36150385604113117 0.7356469580119968 0.019922879177377915 0.01628106255355605
12 0.3258354755784062 0.6602399314481576 0.0218508997429306 0.017994858611825038
8 0.45051413881748076 0.6799485861182519 0.025706940874035952 0.019708654670094177
0 0.24710796915167094 0.39931448157669236 0.012210796915167101 0.013710368466152544
0 0.19955012853470436 0.3041988003427592 0.01349614395886892 0.011996572407883406
13 0.20212082262210798 0.3547557840616966 0.014781491002570668 0.013710368466152473
0 0.16773778920308482 0.7609254498714654 0.012853470437017976 0.01713796058269068
0 0.14942159383033418 0.7557840616966581 0.014781491002570703 0.020565552699228818
0 0.2255784061696658 0.7977720651242501 0.014138817480719794 0.01885175664095968
8 0.5205655526992288 0.7849185946872322 0.020565552699228745 0.01713796058269068
8 0.637853470437018 0.6726649528706085 0.013496143958868884 0.015424164524421684
8 0.6417095115681235 0.5685518423307626 0.016066838046272524 0.024850042844901454
0 0.6208226221079691 0.5689802913453299 0.007712082262210771 0.010282776349614551
14 0.6147172236503856 0.6135389888603257 0.023778920308483293 0.020565552699228745
11 0.8705012853470435 0.4622964867180805 0.025064267352185112 0.03341902313624679
0 0.6233933161953726 0.16023993144815765 0.010282776349614409 0.017137960582690646
0 0.42480719794344474 0.11953727506426735 0.012853470437018046 0.01456726649528708
0 0.86439588688946 0.19665809768637532 0.014138817480719722 0.019708654670094247
12 0.855077120822622 0.24207369323050557 0.010925449871465247 0.016281062553556148
13 0.9550128534704371 0.4798628963153384 0.020565552699228818 0.01713796058269068
0 0.2789203084832905 0.5972579263067694 0.010282776349614373 0.020565552699228818
14 0.3615038560411311 0.5145672664952871 0.016066838046272524 0.021422450728363317
12 0.39010282776349614 0.5274207369323051 0.012853470437017976 0.019708654670094177
6 0.5237789203084833 0.4378748928877464 0.024421593830334275 0.011996572407883549
0 0.5633033419023136 0.37874892887746353 0.01735218508997434 0.020565552699228745
0 0.6008997429305912 0.3106255355612682 0.007712082262210771 0.01285347043701801
0 0.615681233933162 0.3003427592116538 0.011568123393316157 0.017994858611825214
4 0.6082904884318766 0.3380462724935732 0.013496143958868955 0.014567266495287114
0 0.4714010282776349 0.2095115681233933 0.014781491002570703 0.021422450728363317
12 0.5465938303341902 0.6161096829477292 0.014781491002570632 0.008568980291345198
0 0.567159383033419 0.5561268209083119 0.00835475578406161 0.022279348757497885
0 0.777956298200514 0.7707797772065124 0.013496143958868884 0.016281062553556325
0 0.7374678663239075 0.7896315338474722 0.013496143958868884 0.016281062553556182
0 0.8881748071979435 0.6285347043701799 0.014138817480719865 0.023136246786632383
0 0.07069408740359898 0.25235646958012 0.015424164524421595 0.01456726649528708
0 0.6805912596401029 0.36975149957155096 0.014138817480719722 0.023136246786632314
13 0.7567480719794344 0.3449014567266495 0.01863753213367616 0.029991431019708657
0 0.8293701799485862 0.37574978577549273 0.016066838046272524 0.014567266495287043
14 0.8284061696658097 0.2707797772065124 0.019280205655527 0.020565552699228783
13 0.7034061696658097 0.4207369323050557 0.03020565552699239 0.018851756640959748
0 0.5491645244215938 0.22236503856041132 0.01863753213367616 0.01799485861182518
