4 0.15454567968845367 0.3908149302005768 0.025185516104102135 0.030887329950928688
4 0.9685123562812805 0.4271361231803894 0.020894957706332207 0.021962890401482582
4 0.3251688778400421 0.6387529969215393 0.02108273282647133 0.02145637944340706
4 0.8567848801612854 0.2318543642759323 0.01788330078125 0.021726297214627266
0 0.430042564868927 0.441142737865448 0.021765319630503654 0.03436775878071785
4 0.8381931185722351 0.7808060050010681 0.021695740520954132 0.02771606482565403
4 0.7226133346557617 0.3726733922958374 0.020283568650484085 0.02678019180893898
0 0.2899623513221741 0.21366959810256958 0.019330138340592384 0.02854347787797451
4 0.7543800528374305 0.36594939231872553 0.026524955550433285 0.018486857414245602
12 0.5053563957655647 0.6871249511799651 0.017264751082999415 0.03463842234739504
4 0.36620476841926575 0.6079754829406738 0.015149688348174095 0.01891198754310608
8 0.7843838334083557 0.45501697063446045 0.017430664971470833 0.02996557578444481
4 0.7718144655227661 0.7194818258285522 0.015139587223529816 0.01937483809888363
0 0.39380213618278503 0.16213026642799377 0.021938597783446312 0.024114297702908516
4 0.24867944419384003 0.2725793719291687 0.019124023616313934 0.02635866217315197
4 0.6516757607460022 0.7905502915382385 0.021732483059167862 0.02452303096652031
8 0.5754538774490356 0.6088152527809143 0.020547302439808846 0.02681933529675007
0 0.22046725451946259 0.11408817768096924 0.0254224706441164 0.02588583342730999
12 0.3106709122657776 0.4746449291706085 0.014658447355031967 0.01997440680861473
4 0.45137885212898254 0.6505943536758423 0.016455475240945816 0.02374064177274704
12 0.5012075304985046 0.08237829804420471 0.01836395263671875 0.018107706680893898
12 0.6437663435935974 0.2446480095386505 0.018518494442105293 0.01932588778436184
4 0.30667656660079956 0.3220258057117462 0.015399841591715813 0.019832804799079895
12 0.8168393969535828 0.6048923134803772 0.015130981802940369 0.02164383977651596
11 0.37240880727767944 0.6657896041870117 0.022305725142359734 0.0261073000729084
4 0.23458170890808105 0.8167751431465149 0.02158261090517044 0.019263997673988342
4 0.24039748311042786 0.5077825784683228 0.01478424109518528 0.025240682065486908
4 0.7553536295890808 0.7467559576034546 0.017254089936614037 0.022886229678988457
7 0.7905558943748474 0.5920251607894897 0.019085509702563286 0.02390580251812935
12 0.8483021855354309 0.3750123381614685 0.023369628936052322 0.02543945237994194
4 0.4218292236328125 0.7008616328239441 0.019174011424183846 0.023129558190703392
12 0.5849019289016724 0.24340930581092834 0.017948485910892487 0.027668925002217293
12 0.34588658809661865 0.7067737579345703 0.018366241827607155 0.03112589567899704
7 0.32740575075149536 0.35698607563972473 0.020679961889982224 0.02481408603489399
4 0.503476619720459 0.4011668264865875 0.0163116455078125 0.01991349272429943
14 0.3233998715877533 0.6907091736793518 0.01867065392434597 0.02338305674493313
12 0.2859897172236504 0.14010282776349614 0.016709511568123395 0.019708654670094247
0 0.3367609254498714 0.14138817480719795 0.010282776349614338 0.0205655526992288
0 0.36311053984575836 0.14353041988003426 0.019280205655527 0.023136246786632366
12 0.390745501285347 0.11439588688946016 0.020565552699228818 0.01456726649528708
0 0.06298200514138819 0.2827763496143959 0.015424164524421604 0.015424164524421578
14 0.12146529562982006 0.3431876606683805 0.014138817480719794 0.02656383890317052
0 0.13881748071979433 0.47643530419880037 0.0205655526992288 0.015424164524421613
0 0.1590616966580977 0.4597257926306769 0.012210796915167084 0.028277634961439587
12 0.16066838046272494 0.5372750642673522 0.01285347043701799 0.023993144815766882
5 0.1838046272493573 0.5681233933161954 0.023136246786632383 0.020565552699228887
12 0.16066838046272494 0.6735218508997428 0.012853470437018028 0.025706940874035952
12 0.19440874035989716 0.6782347900599828 0.014781491002570703 0.021422450728363317
12 0.1783419023136247 0.766923736075407 0.02377892030848326 0.022279348757497815
4 0.20404884318766064 0.8637532133676092 0.02377892030848326 0.010282776349614409
0 0.2686375321336761 0.6285347043701799 0.010282776349614409 0.016281062553556255
0 0.30012853470437023 0.6825192802056554 0.0218508997429306 0.014567266495287043
13 0.28759640102827766 0.7977720651242501 0.013496143958868884 0.023993144815766955
0 0.28213367609254497 0.8491859468723222 0.01413881748071983 0.013710368466152544
0 0.3811053984575835 0.8864610111396743 0.024421593830334203 0.014567266495287043
0 0.4758997429305913 0.8363324764353043 0.012210796915167138 0.015424164524421542
12 0.4659383033419023 0.8466152527849187 0.019280205655527 0.022279348757497815
4 0.5134961439588689 0.8003427592116538 0.014138817480719722 0.025706940874035952
0 0.48361182519280205 0.6915167095115681 0.01863753213367609 0.01885175664095968
12 0.4717223650385604 0.5638389031705228 0.015424164524421684 0.020565552699228887
6 0.4039203084832905 0.5338474721508141 0.014781491002570703 0.02742073693230509
0 0.34736503856041134 0.5231362467866324 0.014781491002570703 0.021422450728363317
8 0.3149100257069409 0.5154241645244215 0.020565552699228783 0.019708654670094247
12 0.19987146529562985 0.42544987146529567 0.016709511568123395 0.029991431019708584
0 0.1825192802056555 0.18937446443873177 0.010282776349614373 0.01371036846615251
0 0.2750642673521851 0.21808054841473862 0.01285347043701801 0.017994858611825214
6 0.37210796915167094 0.20351328191945156 0.019280205655527 0.023136246786632418
4 0.3971722365038561 0.2754927163667524 0.012853470437017976 0.023136246786632418
0 0.4755784061696658 0.15252784918594686 0.010282776349614409 0.017137960582690646
14 0.4990359897172237 0.1533847472150814 0.014781491002570703 0.018851756640959748
13 0.6195372750642673 0.1546700942587832 0.01670951156812336 0.028277634961439587
13 0.5906169665809768 0.14781491002570696 0.021850899742930564 0.019708654670094285
8 0.7062982005141387 0.143101970865467 0.014138817480719722 0.02913453299057414
8 0.6176092544987146 0.3110539845758355 0.015424164524421613 0.02913453299057416
4 0.5594473007712082 0.4125964010282776 0.01992287917737791 0.021422450728363244
4 0.4977506426735219 0.45458440445586973 0.014781491002570774 0.019708654670094247
0 0.5147814910025708 0.6178234790059983 0.011568123393316086 0.015424164524421613
0 0.5411311053984577 0.6456726649528707 0.017994858611825107 0.01970865467009432
12 0.537917737789203 0.6816623821765211 0.014138817480719794 0.023136246786632314
0 0.8097686375321335 0.7716366752356469 0.007712082262211204 0.026563838903170843
0 0.8868894601542416 0.7159383033419024 0.015424164524421542 0.01628106255355604
4 0.9119537275064267 0.6418166238217651 0.01670951156812336 0.02570694087403602
0 0.699228791773779 0.6143958868894601 0.015424164524421684 0.013710368466152544
4 0.6715938303341903 0.6006855184233076 0.019280205655527 0.01713796058269068
0 0.7924164524421596 0.4995715509854328 0.024421593830333974 0.017137960582690872
4 0.8830334190231364 0.45715509854327335 0.017994858611825322 0.021422450728363317
13 0.9434447300771208 0.38389031705227067 0.00899742930591259 0.023993144815766882
13 0.9562982005141388 0.3954584404455869 0.011568123393316228 0.021422450728363386
12 0.7258997429305913 0.27892030848329047 0.016066838046272524 0.023136246786632383
12 0.519280205655527 0.5197086546700942 0.012853470437017976 0.016281062553556182
10 0.8576478149100256 0.6709511568123393 0.02377892030848315 0.023993144815767097
12 0.8753213367609254 0.6293916023993144 0.01670951156812336 0.02485004284490138
11 0.3560411311053984 0.6259640102827764 0.023136246786632383 0.026563838903170447
