4 0.33354755784061696 0.7879177377892032 0.01670951156812336 0.023136246786632314
0 0.8251928020565552 0.15681233933161953 0.025706940874035952 0.025706940874035987
0 0.8014138817480719 0.1765209940017138 0.025706940874035952 0.02742073693230502
0 0.1719151670951157 0.14652956298200515 0.023778920308483303 0.032562125107112275
0 0.1915167095115681 0.20908311910882602 0.020565552699228818 0.023993144815766917
7 0.15616966580976865 0.25107112253641817 0.03213367609254499 0.029134532990574124
0 0.07422879177377892 0.3517566409597258 0.017352185089974305 0.028277634961439587
6 0.11857326478149101 0.33076263924592975 0.028920308483290497 0.027420736932305054
0 0.18926735218508994 0.3067694944301628 0.03663239074550131 0.020565552699228783
0 0.28020565552699234 0.2827763496143959 0.019280205655526964 0.027420736932305054
0 0.2197943444730077 0.3821765209940017 0.02956298200514137 0.02742073693230502
13 0.19922879177377895 0.43573264781491006 0.025706940874035987 0.02656383890317052
0 0.13431876606683807 0.8269065981148244 0.014138817480719794 0.03427592116538136
0 0.25064267352185093 0.7172236503856041 0.01799485861182518 0.029134532990574086
13 0.13110539845758354 0.6679520137103685 0.02185089974293058 0.024850042844901454
0 0.3839974293059126 0.699228791773779 0.022493573264781474 0.030848329048843225
0 0.3978149100257069 0.6816623821765211 0.024421593830334203 0.023136246786632314
0 0.2843830334190231 0.7429305912596402 0.027634961439588716 0.037703513281919496
0 0.2763496143958869 0.4631533847472151 0.023136246786632383 0.01799485861182525
0 0.26381748071979433 0.6178234790059983 0.010925449871465319 0.037703513281919426
0 0.23264781491002573 0.610968294772922 0.019280205655526964 0.023993144815766813
0 0.2599614395886889 0.5244215938303342 0.02249357326478151 0.03427592116538122
0 0.25748242517311454 0.23149582507459768 0.02952967731772329 0.01649405399728689
0 0.24211901197402877 0.1514198532490597 0.025938230076378587 0.021282650319079863
12 0.2750406116863554 0.20303028027282835 0.025539180382895807 0.02234678283503385
6 0.2076012134877711 0.23575235513841364 0.023942981608964863 0.022878849093010842
13 0.4123137062444205 0.1341276998648073 0.01676008712627535 0.036712571800412735
12 0.4883787630924812 0.13843406769721553 0.024963351675200158 0.024078126438490964
0 0.4758970872548811 0.1118773105959387 0.026556757101276817 0.027619027385327895
0 0.3470968153136884 0.3760285212299723 0.01752745968684273 0.03045174814279747
0 0.34523784231659904 0.3204363763646329 0.021245405681021554 0.04390717174077771
13 0.3484246531687522 0.2867978173696822 0.02974356795343006 0.02053722549165407
0 0.4453568165884127 0.515185928440663 0.020714270538995903 0.03115992833216481
12 0.42172130276827635 0.46278059442747677 0.016996324544817157 0.024078126438491054
6 0.4211901676262508 0.44011882836772054 0.020183135396970472 0.022661766059756304
12 0.360109626293314 0.5328904331748475 0.011684973124561893 0.01982904530228673
14 0.3635620047164799 0.48650463077128414 0.020714270538995966 0.01770450473418468
13 0.4280949244725828 0.6561137861247721 0.02124540568102141 0.02124540568102148
0 0.46952346555057467 0.6433665427161592 0.02230767596507249 0.024078126438490985
0 0.4626187087042426 0.6681528493440178 0.02124540568102148 0.03399264908963445
0 0.4684611952665236 0.6883359847409881 0.014871783976714993 0.027619027385327826
0 0.47510038454184284 0.7393249583754397 0.01540291911874057 0.02903538776406279
0 0.4525271410057574 0.748177210742532 0.02230767596507249 0.018412684923551838
13 0.45624508699993627 0.7800453192640642 0.012747243408612902 0.029743567953429986
13 0.5277551911217381 0.7525021819352122 0.02076255555190734 0.020601605508869057
0 0.5757987789685934 0.7280377753934301 0.021245405681021623 0.03991561067343426
0 0.6219109662989923 0.7412356789225493 0.02076255555190727 0.02897100774684745
0 0.612736813845824 0.4998106143654871 0.016899754518994285 0.03154620843545608
13 0.6755073306306602 0.809800397256755 0.01110555296962474 0.03605280964052127
13 0.6644017776610351 0.7895206918339617 0.02172825581013555 0.02124540568102148
0 0.8235008952041392 0.7943491931251029 0.025108206713934465 0.025752006886086604
0 0.7909085114889359 0.8120536978592875 0.014002653744309583 0.03025860809115187
0 0.7863214352623517 0.7634467848617991 0.015451204131651934 0.025752006886086604
0 0.8022554895231179 0.7383385781478645 0.01834830490633678 0.024464406541782325
0 0.8662331316307391 0.7170931724668431 0.021728255810135693 0.030902408263303868
0 0.8633360308560546 0.693272566097213 0.022693956068363833 0.03219000860760829
0 0.8838571613434049 0.6591511569731482 0.023176806197477903 0.030902408263304152
0 0.8136024675572997 0.5757790346794427 0.017865454777222567 0.0302586080911518
0 0.678887281534459 0.592195939069323 0.02172825581013555 0.02060160550886941
0 0.6989255618926953 0.5889769382085622 0.015451204131652076 0.03090240826330394
0 0.6774387311471166 0.6536788555098547 0.011105552969625024 0.018670204992412776
13 0.5444135205761753 0.5870455376921057 0.015451204131652005 0.028327207574695236
0 0.5480348965445313 0.5612935308060191 0.02076255555190727 0.0206016055088692
12 0.5487591717382024 0.5113990174642261 0.025108206713934465 0.03154620843545615
0 0.7332253036644463 0.25999505023880537 0.016899754518994427 0.037340409984825594
0 0.754953559474582 0.20527203560587126 0.014968354002537723 0.03347760895191261
0 0.6984600943682292 0.18209522940839332 0.02076255555190741 0.033477608951912645
0 0.7274311021150769 0.18338282975269762 0.02945385787596152 0.018026404820260602
0 0.8500750349100644 0.1904646316463715 0.015934054260766006 0.03219000860760829
0 0.8353481059720835 0.22973644214765357 0.025108206713934607 0.03090240826330394
0 0.8879787700455231 0.25323514843120765 0.008691302324054248 0.03412140912406475
0 0.9420579845063045 0.31922466607680455 0.020279705422794024 0.021889205853173797
6 0.7870630930606711 0.29347265919071797 0.020279705422793056 0.027039607230390957
0 0.7749918398328179 0.3214779666793372 0.02897100774684745 0.018670204992412776
0 0.8312438798746139 0.335963470552761 0.028488157617733316 0.024464406541782252
0 0.8481436343936078 0.32405316736794587 0.014968354002537723 0.023820606369630112
13 0.8913587209493221 0.35559937580340206 0.02124540568102148 0.017382604648108427
0 0.9483350361847888 0.4009872879401297 0.03186810852153201 0.02060160550886934
0 0.9420579845063051 0.38038568243126036 0.026073906972162747 0.015451204131652005
0 0.49783586572131056 0.24454384610715338 0.023176806197477903 0.02188920585317362
0 0.40609434118962695 0.2030187350033387 0.016416904389880145 0.02897100774684745
0 0.5620549328934891 0.17855432846155636 0.016416904389880145 0.03927181050128215
4 0.5799203876707116 0.17372582717041518 0.012554103356967303 0.03476520929621696
4 0.5434652029225954 0.4048500889730427 0.021728255810135762 0.025752006886086677
0 0.6323096266795943 0.4141851914692491 0.024625356584820395 0.026395807058238817
0 0.5760575866377988 0.32727216822870675 0.02800530748861924 0.02124540568102148
0 0.6731104625897376 0.4270611949122924 0.024142506455706182 0.03927181050128198
6 0.46814058278079196 0.421588893448999 0.02848815761773338 0.020601605508869268
0 0.49542161507574 0.5139742181528348 0.027039607230390884 0.04055941084558654
13 0.5323596499529705 0.666232958866822 0.019796855293679128 0.03605280964052127
12 0.7677929833623892 0.7107985058728912 0.02897100774684745 0.031019462840058906
0 0.7765720766190095 0.6897286820570022 0.026337279769861367 0.028678371304959996
12 0.7906186258296023 0.6458332157739 0.033360554375157676 0.022825642467213213
0 0.7985198097605607 0.6730484048694234 0.01755818651324091 0.016387640745691386
0 0.6885616667213896 0.7438664238061615 0.014485503873423511 0.019899278048339682
0 0.7164352878111596 0.7570350636910922 0.010534911907944604 0.02516673400231184
0 0.6128419873830383 0.7860060714379397 0.010534911907944533 0.02224036958343845
0 0.11193343902191062 0.5779415612560352 0.023703551792875182 0.026337279769861298
0 0.438954662831022 0.5559938281144841 0.022825642467213213 0.02224036958343838
13 0.31626683456975146 0.7851281621122778 0.01711923185040991 0.021655096699663687
12 0.49645772366188595 0.4781525345724495 0.014924458536254761 0.024581461118537148
0 0.678184954073929 0.48810217359661934 0.018436095838902843 0.016387640745691455
0 0.8697886643996702 0.5884764731639798 0.021508778478719962 0.03336055437515761
