0 0.5473107695579529 0.5875747203826904 0.01775360107421875 0.027273844927549362
13 0.43852242827415466 0.5460682511329651 0.013897338882088661 0.024056274443864822
13 0.9375280141830444 0.4258002042770386 0.01995556615293026 0.018131103366613388
0 0.9789110422134399 0.5016459822654724 0.021675903350114822 0.026048583909869194
0 0.6363401412963867 0.6056802868843079 0.012008544988930225 0.023936482146382332
0 0.13431876606683807 0.6765209940017138 0.014138817480719794 0.01970865467009432
0 0.8190874035989718 0.6919451585261354 0.032776349614395885 0.02656383890317059
6 0.45019280205655526 0.6456726649528706 0.021208226221079655 0.021422450728363386
8 0.25032133676092544 0.2356469580119966 0.025064267352185112 0.015424164524421613
0 0.38753213367609257 0.4592973436161097 0.00899742930591259 0.01713796058269068
0 0.5575192802056556 0.21036846615252786 0.0096401028277635 0.012853470437017976
