7 0.6627404093742371 0.4324667155742645 0.02014770545065403 0.037928059697151184
4 0.9678242206573486 0.42664411664009094 0.020054442808032036 0.021025391295552254
4 0.8382808566093445 0.7745309472084045 0.019910644739866257 0.027250487357378006
4 0.8036389350891113 0.3936114013195038 0.014904357492923737 0.02086218260228634
4 0.6073299646377563 0.4904739260673523 0.01584674045443535 0.029500650241971016
8 0.7073639035224915 0.1371781826019287 0.02104504406452179 0.031760528683662415
4 0.8588865399360657 0.2274186611175537 0.018689574673771858 0.022007262334227562
4 0.16276153922080994 0.341869592666626 0.016927475109696388 0.029257018119096756
0 0.39072442054748535 0.14222769439220428 0.021150970831513405 0.022182026877999306
7 0.6481489539146423 0.5948394536972046 0.015787718817591667 0.03021215833723545
4 0.7777746319770813 0.3201446235179901 0.020046448335051537 0.027615925297141075
4 0.27059972286224365 0.26241958141326904 0.013555816374719143 0.02454630471765995
7 0.3146018087863922 0.2459733486175537 0.01721508800983429 0.027068380266427994
8 0.4685346186161041 0.5491227507591248 0.0199701227247715 0.02791406214237213
8 0.48141661286354065 0.32273349165916443 0.01728610321879387 0.01957588642835617
4 0.18361075222492218 0.7889083623886108 0.025501754134893417 0.024575114250183105
0 0.22087477147579193 0.11318324506282806 0.024996856227517128 0.025730295106768608
4 0.7656261324882507 0.6740468740463257 0.01609167456626892 0.02566426619887352
12 0.06821408867835999 0.4122019112110138 0.018667545169591904 0.016651814803481102
12 0.5017744302749634 0.07891397178173065 0.02027093432843685 0.019832296296954155
13 0.4951910376548767 0.6153063774108887 0.017394255846738815 0.02431616187095642
11 0.6136503219604492 0.3403744399547577 0.018317626789212227 0.02553698793053627
12 0.5799815058708191 0.39351707696914673 0.01540393102914095 0.02181905135512352
12 0.3688465654850006 0.6551255583763123 0.01668606512248516 0.022880207747220993
7 0.341126024723053 0.5758863687515259 0.016940888017416 0.0290631502866745
10 0.28870221972465515 0.5430231690406799 0.019242309033870697 0.02478051744401455
12 0.5508322228502798 0.1658227890729904 0.02188533790179712 0.02678014151751995
0 0.2557893693447113 0.46614256501197815 0.020755767822265625 0.027427611872553825
12 0.22589974293059126 0.4931448157669237 0.013496143958868884 0.023136246786632383
0 0.2352185089974293 0.4494430162810626 0.01799485861182518 0.01799485861182525
13 0.8907455012853469 0.6186803770351328 0.025706940874035952 0.020565552699228745
4 0.8791773778920309 0.5535561268209083 0.012853470437017905 0.020565552699228745
12 0.8062339331619538 0.5754070265638389 0.012210796915167067 0.023136246786632456
12 0.8406169665809767 0.3423307626392459 0.017994858611825322 0.02656383890317052
0 0.8756426735218509 0.363324764353042 0.0173521850899742 0.023993144815766882
12 0.11825192802056556 0.40531276778063413 0.010282776349614392 0.015424164524421613
0 0.182840616966581 0.20094258783204796 0.014781491002570668 0.03513281919451586
10 0.15038560411311053 0.15638389031705227 0.0205655526992288 0.024850042844901454
0 0.06458868894601542 0.2789203084832905 0.017352185089974298 0.019708654670094247
0 0.32422879177377895 0.4241645244215938 0.01349614395886892 0.00856898029134527
8 0.46786632390745503 0.46272493573264784 0.023136246786632456 0.020565552699228818
12 0.3589331619537275 0.21722365038560412 0.01606683804627245 0.029991431019708657
6 0.34350899742930596 0.2232219365895458 0.013496143958868884 0.024850042844901415
0 0.33708226221079685 0.13453299057412169 0.01735218508997427 0.018851756640959713
0 0.36311053984575836 0.1418166238217652 0.01670951156812336 0.026563838903170503
12 0.39138817480719795 0.11396743787489289 0.019280205655527 0.011996572407883458
8 0.4829691516709512 0.15938303341902313 0.01735218508997427 0.020565552699228783
14 0.5645886889460154 0.12767780634104542 0.02506426735218497 0.022279348757497867
13 0.6092544987146529 0.143101970865467 0.023136246786632383 0.01885175664095973
13 0.6208226221079692 0.1499571550985433 0.01799485861182518 0.022279348757497833
14 0.584190231362468 0.19023136246786634 0.023136246786632383 0.023993144815766917
12 0.5706940874035991 0.20908311910882602 0.015424164524421613 0.023993144815766917
5 0.6095758354755785 0.2352185089974293 0.01863753213367609 0.01799485861182518
5 0.6683804627249357 0.30077120822622105 0.015424164524421542 0.025706940874035987
12 0.5083547557840616 0.32604970008568984 0.014138817480719865 0.017994858611825214
12 0.6211439588688945 0.2973436161096829 0.013496143958868884 0.025706940874035952
12 0.31137532133676094 0.29091688089117396 0.013496143958868884 0.026563838903170486
0 0.2721722365038561 0.2159383033419023 0.014781491002570703 0.03084832904884319
12 0.2856683804627249 0.143101970865467 0.013496143958868884 0.02227934875749785
12 0.23393316195372751 0.17052270779777207 0.023136246786632383 0.018851756640959748
0 0.28502570694087404 0.08611825192802057 0.01992287917737791 0.01799485861182519
11 0.1294987146529563 0.5252784918594687 0.017352185089974288 0.03256212510711215
12 0.18508997429305915 0.6199657240788347 0.015424164524421578 0.023136246786632383
0 0.20533419023136246 0.7562125107112254 0.025064267352185077 0.021422450728363317
0 0.24678663239074553 0.805484147386461 0.020565552699228783 0.020565552699228818
12 0.26446015424164526 0.7797772065124251 0.014781491002570703 0.02742073693230509
0 0.2834190231362468 0.7707797772065126 0.017994858611825145 0.017994858611825322
0 0.3184447300771208 0.8461868037703514 0.012210796915167101 0.014567266495287185
14 0.3994215938303342 0.850042844901457 0.014781491002570703 0.02056555269922896
12 0.432840616966581 0.7343616109682947 0.016066838046272524 0.032562125107112226
12 0.4620822622107969 0.7416452442159382 0.014138817480719722 0.023136246786632314
12 0.4659383033419023 0.6812339331619538 0.014138817480719865 0.01885175664095982
0 0.45726221079691515 0.6520994001713797 0.007069408740359861 0.01885175664095968
6 0.4640102827763496 0.6529562982005142 0.010282776349614409 0.029134532990574086
6 0.519280205655527 0.5437017994858612 0.015424164524421613 0.021422450728363386
6 0.6680591259640103 0.7279348757497857 0.01092544987146539 0.012853470437018046
6 0.6944087403598972 0.7433590402742074 0.014781491002570703 0.016281062553556182
12 0.7824550128534704 0.7262210796915167 0.021208226221079655 0.019708654670094177
12 0.8078406169665808 0.7129391602399315 0.014138817480719722 0.013710368466152686
0 0.8419023136246787 0.6696658097686375 0.012853470437017905 0.02656383890317059
4 0.8107326478149101 0.4905741216795201 0.009640102827763428 0.017994858611825107
12 0.7776349614395888 0.35004284490145665 0.01799485861182518 0.023136246786632383
13 0.7169023136246787 0.401885175664096 0.022493573264781474 0.022279348757497885
11 0.8001285347043702 0.2819194515852613 0.019280205655527 0.022279348757497885
12 0.8168380462724935 0.25878320479862893 0.03470437017994854 0.023993144815766917
0 0.9476221079691517 0.31276778063410454 0.01606683804627238 0.025706940874036056
0 0.6783419023136247 0.13110539845758354 0.014781491002570703 0.018851756640959713
4 0.4370179948586118 0.421165381319623 0.012853470437018046 0.016281062553556113
0 0.5009640102827764 0.37360754070265634 0.0096401028277635 0.013710368466152544
8 0.25160668380462725 0.6739502999143102 0.01349614395886892 0.023136246786632456
8 0.48457583547557836 0.6855184233076264 0.01799485861182518 0.023993144815766955
0 0.29048843187660667 0.4215938303341902 0.025706940874035952 0.023993144815766882
0 0.5642673521850899 0.4190231362467866 0.012853470437018046 0.01885175664095968
12 0.5472365038560412 0.4541559554413025 0.012210796915167138 0.01713796058269068
12 0.5469151670951157 0.5184233076263925 0.019280205655527 0.022279348757497815
6 0.45951156812339333 0.390745501285347 0.014138817480719794 0.023993144815766955
0 0.23618251928020562 0.2857754927163667 0.019922879177377874 0.019708654670094247
4 0.8036632390745502 0.22279348757497858 0.013496143958868884 0.020565552699228783
5 0.788560411311054 0.20265638389031704 0.01670951156812336 0.01799485861182518
11 0.38881748071979433 0.654241645244216 0.016709511568123434 0.026563838903170447
12 0.3836760925449872 0.6293916023993146 0.016709511568123434 0.031705227077977724
4 0.2943444730077121 0.6032562125107112 0.023136246786632383 0.02742073693230509
