4 0.1455582231283188 0.38912075757980347 0.025655502453446388 0.028941364958882332
4 0.12822499871253967 0.29497459530830383 0.015501762740314007 0.02536202035844326
0 0.366889089345932 0.786551833152771 0.026271026581525803 0.02671712264418602
4 0.288447767496109 0.4786509573459625 0.017287323251366615 0.02310371957719326
8 0.34946465492248535 0.7371053099632263 0.018242858350276947 0.03529638797044754
4 0.5645383596420288 0.5679972171783447 0.01611761562526226 0.022974161431193352
4 0.596588134765625 0.8033280479877345 0.013736144639551638 0.03149867712838483
7 0.3980560004711151 0.1467498242855072 0.019261840730905533 0.03325500339269638
12 0.9269306659698486 0.43748265504837036 0.020892761647701263 0.022672241553664207
4 0.898674488067627 0.5263060927391052 0.015277709811925888 0.024349486455321312
12 0.6017687916755676 0.3726939260959625 0.016972655430436134 0.02080090343952179
4 0.6617148518562317 0.39839527010917664 0.017797667533159256 0.023685669526457787
12 0.7553207874298096 0.7409948110580444 0.020273011177778244 0.02529069036245346
12 0.23032909631729126 0.3100264370441437 0.015692001208662987 0.02459143102169037
10 0.6069756637502146 0.19320525765265778 0.020581992936816177 0.02832557215980218
4 0.6075688600540161 0.6327795386314392 0.01601879857480526 0.02409769780933857
7 0.2786187529563904 0.1933775097131729 0.018870484083890915 0.02646191418170929
7 0.2960483133792877 0.3967038691043854 0.022895142436027527 0.01989021897315979
4 0.4380406439304352 0.5434795618057251 0.014468749985098839 0.02221476286649704
4 0.17453540861606598 0.650907576084137 0.020538238808512688 0.025333942845463753
12 0.58241206407547 0.536529541015625 0.0205078125 0.02616756223142147
7 0.5499851107597351 0.1045706570148468 0.02396850660443306 0.02526632696390152
4 0.592022716999054 0.07536187022924423 0.016936706379055977 0.018440261483192444
12 0.8972902894020081 0.37623387575149536 0.022127501666545868 0.02177543193101883
4 0.6997100710868835 0.6219981908798218 0.015156066976487637 0.019124634563922882
7 0.2674140930175781 0.5042169690132141 0.02083258144557476 0.02519352175295353
4 0.3823719620704651 0.7048366069793701 0.01330413855612278 0.02030574530363083
11 0.08191003650426865 0.4938565790653229 0.02608398348093033 0.02859635464847088
10 0.21875928342342377 0.09458942711353302 0.01719050668179989 0.020581869408488274
0 0.07509477078378354 0.5889303469719188 0.019718123599886894 0.02610371820628643
12 0.902314305305481 0.6189780831336975 0.018622620031237602 0.02340620942413807
8 0.46635133028030396 0.18500903248786926 0.025722503662109375 0.021273499354720116
4 0.4486779272556305 0.4083438217639923 0.014065460301935673 0.026708414778113365
8 0.48626434803009033 0.1288059949874878 0.018378814682364464 0.02227829024195671
4 0.6949703425245606 0.3502928966268475 0.016329726910548254 0.02085850993690069
0 0.8901692494022201 0.4196837979601098 0.01475390144037308 0.012031483882918454
0 0.44569408740359895 0.8389031705227077 0.014781491002570703 0.015424164524421542
12 0.3708226221079691 0.8106255355612683 0.019280205655526926 0.010282776349614409
5 0.42577120822622105 0.823050556983719 0.014781491002570703 0.024850042844901454
0 0.16323907455012854 0.7896315338474722 0.0051413881748072045 0.016281062553556182
0 0.17930591259640102 0.7922022279348758 0.011568123393316192 0.014567266495287043
0 0.2679948586118252 0.8556126820908312 0.00899742930591259 0.014567266495287185
0 0.2519280205655527 0.844044558697515 0.010282776349614409 0.011996572407883549
0 0.05559125964010283 0.3479005998286204 0.017352185089974298 0.01713796058269068
0 0.11439588688946016 0.29134532990574125 0.01285347043701801 0.010282776349614444
12 0.08033419023136247 0.3406169665809769 0.016709511568123395 0.019708654670094247
12 0.14685089974293059 0.1268209083119109 0.0096401028277635 0.0205655526992288
13 0.27956298200514135 0.11439588688946017 0.014138817480719794 0.029991431019708675
6 0.2927377892030848 0.2107969151670951 0.021208226221079693 0.023993144815766917
13 0.3300128534704371 0.30934018851756645 0.021208226221079693 0.032562125107112296
12 0.42898457583547556 0.21122536418166238 0.01863753213367609 0.028277634961439587
12 0.41580976863753216 0.08526135389888603 0.014138817480719865 0.023136246786632394
11 0.4717223650385604 0.09854327335047129 0.01799485861182518 0.025706940874035987
13 0.6262853470437018 0.09040274207369324 0.01606683804627266 0.028277634961439594
6 0.22300771208226222 0.3744644387317909 0.019280205655526964 0.01885175664095968
0 0.16966580976863754 0.3847472150814053 0.015424164524421613 0.022279348757497815
14 0.13496143958868895 0.598114824335904 0.024421593830334185 0.015424164524421613
12 0.157133676092545 0.7489288774635818 0.02249357326478151 0.027420736932304946
12 0.21336760925449874 0.7442159383033419 0.023136246786632418 0.028277634961439587
12 0.20919023136246787 0.7159383033419024 0.016066838046272524 0.012853470437018046
0 0.14652956298200515 0.8067694944301629 0.010282776349614373 0.023136246786632456
0 0.480719794344473 0.865038560411311 0.010282776349614409 0.012853470437017905
0 0.4762210796915167 0.8149100257069409 0.014138817480719865 0.015424164524421684
0 0.6523136246786632 0.7810625535561269 0.011568123393316228 0.012853470437018046
0 0.7464652956298201 0.7990574121679521 0.01092544987146539 0.014567266495287185
8 0.6111825192802057 0.713796058269066 0.016709511568123434 0.02742073693230509
0 0.6857326478149101 0.7009425878320479 0.00899742930591259 0.010282776349614267
8 0.6754498714652957 0.6529562982005142 0.021850899742930637 0.023993144815766813
0 0.844151670951157 0.5505569837189375 0.013496143958868884 0.021422450728363317
5 0.537917737789203 0.5762639245929734 0.014138817480719794 0.014567266495287043
14 0.7570694087403598 0.4618680377035133 0.012853470437018046 0.02570694087403602
0 0.5392030848329049 0.37617823479005996 0.019280205655527 0.01713796058269068
0 0.5491645244215938 0.40102827763496146 0.01992287917737791 0.02742073693230509
0 0.5825835475578406 0.40359897172236503 0.01735218508997427 0.022279348757497885
0 0.5327763496143959 0.4070265638389031 0.016709511568123434 0.02913453299057416
8 0.38753213367609257 0.3971722365038561 0.01670951156812336 0.01799485861182518
0 0.31523136246786637 0.3911739502999143 0.014781491002570703 0.017994858611825107
12 0.31940874035989714 0.3676092544987146 0.011568123393316192 0.018851756640959748
0 0.3367609254498714 0.3410454155955442 0.012853470437017976 0.02570694087403602
8 0.3149100257069409 0.3419023136246787 0.023136246786632418 0.018851756640959748
12 0.27570694087403597 0.3256212510711225 0.016709511568123434 0.01713796058269068
12 0.24775064267352184 0.35347043701799485 0.01863753213367609 0.01799485861182518
0 0.34832904884318766 0.23179091688089115 0.030848329048843156 0.021422450728363317
8 0.3306555269922879 0.18080548414738642 0.021208226221079728 0.02227934875749785
0 0.708547557840617 0.1765209940017138 0.018637532133676016 0.020565552699228818
0 0.7602827763496144 0.14781491002570696 0.0064267352185089525 0.01799485861182518
0 0.8827120822622109 0.24635818337617826 0.013496143958868884 0.016281062553556148
0 0.8406169665809767 0.12853470437017997 0.007712082262210771 0.006855184233076255
14 0.8566838046272494 0.11739502999143102 0.014138817480719722 0.015424164524421595
13 0.9473007712082261 0.5184233076263924 0.025706940874035952 0.011996572407883406
0 0.9669023136246787 0.5458440445586975 0.01735218508997434 0.015424164524421542
12 0.8907455012853469 0.5848329048843189 0.01156812339331637 0.021422450728363386
0 0.8091259640102828 0.658954584404456 0.011568123393316086 0.0154241645244214
0 0.7975578406169666 0.7189374464438731 0.014138817480719722 0.011996572407883406
12 0.6973007712082261 0.5398457583547558 0.026992287917737768 0.01713796058269068
6 0.6356041131105399 0.5621251071122536 0.016709511568123434 0.01713796058269068
12 0.612789203084833 0.5758354755784062 0.012210796915167138 0.015424164524421613
0 0.6169665809768637 0.3920308483290488 0.012853470437018046 0.012853470437017976
0 0.5469151670951157 0.19880034275921166 0.011568123393316228 0.013710368466152544
0 0.43476863753213363 0.658954584404456 0.0096401028277635 0.01885175664095982
0 0.43991002570694093 0.7249357326478149 0.012210796915167138 0.015424164524421542
0 0.6137532133676094 0.47643530419880037 0.011568123393316157 0.013710368466152542
14 0.46465295629820047 0.37275064267352187 0.021850899742930564 0.029134532990574086
5 0.5196015424164524 0.35732647814910024 0.01992287917737791 0.015424164524421613
0 0.5639460154241646 0.3431876606683805 0.01863753213367609 0.017994858611825107
13 0.5449871465295629 0.3367609254498714 0.015424164524421613 0.02570694087403602
0 0.19408740359897173 0.2887746358183376 0.015424164524421578 0.018851756640959748
0 0.2708868894601542 0.5364181662382177 0.012210796915167067 0.020565552699228745
5 0.7246143958868895 0.42459297343616115 0.01735218508997434 0.02656383890317052
