0 0.46733903884887695 0.8177461787075085 0.02385299652814865 0.02838858962059021
0 0.7912128567695618 0.6871175169944763 0.021782103925943375 0.023141317069530487
0 0.7568098902702332 0.3721601665019989 0.019593872129917145 0.027871785685420036
0 0.5776885747909546 0.36669474840164185 0.022866638377308846 0.021763183176517487
0 0.8474893569946289 0.40720173716545105 0.020777039229869843 0.02467268891632557
0 0.5367767214775085 0.761150062084198 0.016896666958928108 0.02181827835738659
0 0.6641157865524292 0.512135922908783 0.014040282927453518 0.02769775316119194
0 0.5996213555335999 0.7568958401679993 0.024435240775346756 0.021548910066485405
0 0.5600113543875727 0.5946033163875623 0.019874755293130875 0.01643102988600731
6 0.7197943444730077 0.5449871465295629 0.026992287917737768 0.02570694087403588
13 0.7506426735218509 0.4562982005141388 0.017994858611825322 0.028277634961439587
0 0.7875964010282775 0.7142245072836332 0.021208226221079655 0.021422450728363317
13 0.3467223650385604 0.3688946015424165 0.01863753213367616 0.019708654670094247
0 0.4652956298200513 0.3003427592116538 0.025706940874036122 0.029991431019708675
12 0.41838046272493573 0.41945158526135384 0.008997429305912661 0.028277634961439518
12 0.46208226221079696 0.4944301628106256 0.021850899742930564 0.02570694087403602
13 0.21786632390745503 0.6392459297343617 0.014138817480719794 0.020565552699228887
0 0.37853470437017994 0.7994858611825194 0.026992287917737768 0.020565552699228676
0 0.5986503856041131 0.8209083119108825 0.023778920308483224 0.037703513281919496
0 0.9562982005141387 0.4383033419023136 0.023136246786632456 0.03513281919451586
0 0.3226221079691517 0.16795201371036847 0.020565552699228853 0.023993144815766934
0 0.2480719794344473 0.14738646101113967 0.023136246786632383 0.022279348757497867
12 0.1648457583547558 0.11353898886032564 0.01992287917737789 0.0231362467866324
6 0.49999999999999994 0.11353898886032562 0.026992287917737768 0.019708654670094247
0 0.717866323907455 0.1383890317052271 0.026992287917737768 0.02485004284490147
