8 0.3875509202480316 0.7731907367706299 0.018595214933156967 0.01693139597773552
0 0.6446015424164524 0.6735218508997428 0.00899742930591259 0.013710368466152686
14 0.7538560411311056 0.6323907455012852 0.014138817480719865 0.023993144815766882
0 0.2699228791773779 0.3256212510711225 0.015424164524421649 0.020565552699228745
0 0.8203727506426735 0.3346186803770351 0.01092544987146539 0.00942587832047984
5 0.5571979434447301 0.36246786632390743 0.019280205655527 0.025706940874035952
14 0.32904884318766064 0.5064267352185091 0.025706940874035952 0.022279348757497885
14 0.49164524421593825 0.33333333333333326 0.01670951156812336 0.022279348757497885
0 0.4942159383033419 0.16966580976863754 0.010282776349614409 0.013710368466152473
14 0.5851542416452442 0.24121679520137104 0.013496143958868884 0.01799485861182518
