0 0.6114165186882019 0.5181750655174255 0.014539489522576332 0.024937093257904053
0 0.11274830996990204 0.628002941608429 0.021659202873706818 0.03029581718146801
0 0.4110259413719177 0.5541377663612366 0.02830294892191887 0.02407686412334442
4 0.16108886897563934 0.6313768625259399 0.014695312827825546 0.027142049744725227
0 0.35615137219429016 0.13765783607959747 0.019366974011063576 0.02531452476978302
0 0.6983196139335632 0.4600311815738678 0.021100951358675957 0.024572957307100296
4 0.16561111577985207 0.7256927382976656 0.019100260736473182 0.019634430757193223
0 0.5630320906639099 0.8399649858474731 0.02196465991437435 0.022654622793197632
4 0.18637532133676096 0.3976006855184233 0.0218508997429306 0.01713796058269068
0 0.256426735218509 0.8281919451585261 0.01799485861182518 0.019708654670094177
4 0.29273778920308485 0.7922022279348758 0.014781491002570703 0.01970865467009432
5 0.2448586118251928 0.7570694087403599 0.01285347043701801 0.023136246786632456
0 0.23746786632390746 0.5115681233933163 0.019922879177377874 0.030848329048843156
0 0.17544987146529564 0.25621251071122536 0.011568123393316192 0.015424164524421613
0 0.28309768637532134 0.1790916880891174 0.013496143958868884 0.018851756640959748
0 0.47236503856041134 0.15295629820051412 0.015424164524421542 0.021422450728363317
14 0.4546915167095116 0.15381319622964867 0.013496143958868884 0.014567266495287043
0 0.5305269922879177 0.1533847472150814 0.014781491002570632 0.017137960582690646
0 0.6680591259640102 0.10368466152527848 0.019922879177377836 0.017137960582690664
0 0.6632390745501285 0.17566409597257926 0.010282776349614551 0.00856898029134534
0 0.6404241645244215 0.18766066838046272 0.016066838046272524 0.00856898029134534
0 0.7660668380462725 0.18337617823479005 0.014138817480719865 0.013710368466152544
0 0.8062339331619538 0.19151670951156813 0.016066838046272524 0.019708654670094247
0 0.8390102827763496 0.1795201371036847 0.014781491002570845 0.009425878320479874
0 0.6484575835475579 0.41345329905741224 0.020565552699228887 0.016281062553556113
0 0.6381748071979435 0.40059982862039417 0.01799485861182518 0.016281062553556113
0 0.5832262210796916 0.4027420736932305 0.02634961439588693 0.023993144815766955
12 0.5289203084832905 0.4310197086546701 0.012853470437017976 0.02742073693230509
0 0.4289845758354756 0.44772922022279343 0.014781491002570703 0.017994858611825107
0 0.34029562982005146 0.44515852613538986 0.01735218508997427 0.024850042844901454
0 0.33386889460154234 0.47343616109682946 0.013496143958868955 0.01799485861182518
0 0.42062982005141386 0.6855184233076264 0.00964010282776357 0.01885175664095982
0 0.41773778920308485 0.6988003427592117 0.016709511568123434 0.01628106255355604
0 0.38271208226221076 0.6949443016281063 0.01863753213367609 0.01885175664095968
12 0.37275064267352187 0.6756640959725791 0.014138817480719865 0.021422450728363317
12 0.41613110539845755 0.5856898029134533 0.021208226221079655 0.016281062553556113
0 0.4267352185089975 0.5698371893744644 0.008997429305912661 0.018851756640959748
0 0.4730077120822622 0.5531276778063411 0.00899742930591259 0.01970865467009432
4 0.49293059125964006 0.8333333333333335 0.014138817480719794 0.01970865467009432
0 0.7172236503856041 0.8114824335904026 0.012853470437018046 0.032562125107112226
0 0.8039845758354756 0.6332476435304198 0.011568123393316228 0.011996572407883406
0 0.8489717223650385 0.6143958868894601 0.011568123393316086 0.011996572407883406
0 0.8676092544987145 0.6246786632390746 0.014138817480719722 0.013710368466152473
0 0.7679948586118251 0.6255355612682091 0.02827763496143973 0.018851756640959748
12 0.6905526992287918 0.4811482433590403 0.014781491002570703 0.01970865467009432
10 0.6712724935732648 0.4987146529562982 0.02634961439588693 0.022279348757497815
0 0.8043059125964009 0.48843187660668375 0.012210796915167067 0.020565552699228745
0 0.8769280205655526 0.4511568123393316 0.01606683804627238 0.012853470437017976
0 0.8772493573264781 0.5445586975149957 0.015424164524421542 0.01799485861182518
0 0.8123393316195373 0.56426735218509 0.015424164524421684 0.014567266495287043
0 0.8020565552699229 0.25535561268209084 0.014138817480719865 0.010282776349614373
0 0.8258354755784061 0.254070265638389 0.010282776349614409 0.019708654670094285
0 0.4338046272493573 0.34661525278491867 0.01799485861182518 0.019708654670094247
0 0.4383033419023136 0.33076263924592975 0.010282776349614409 0.01713796058269068
13 0.448586118251928 0.35218508997429304 0.019280205655527 0.02742073693230509
13 0.45404884318766064 0.38646101113967435 0.007069408740359932 0.03427592116538129
0 0.4771850899742931 0.37660668380462725 0.014781491002570632 0.016281062553556113
0 0.509961439588689 0.3590402742073693 0.009640102827763357 0.013710368466152544
0 0.5356683804627249 0.5646958011996572 0.007069408740359861 0.011996572407883477
13 0.5337403598971723 0.5886889460154241 0.023778920308483293 0.01885175664095968
0 0.5703727506426735 0.5736932305055698 0.013496143958868884 0.03513281919451586
0 0.592866323907455 0.5115681233933163 0.016066838046272524 0.030848329048843156
0 0.6687017994858613 0.44987146529562977 0.025064267352185112 0.023993144815766882
0 0.21979434447300772 0.46401028277634965 0.03470437017994861 0.02656383890317052
0 0.1838046272493573 0.33761782347900593 0.023136246786632383 0.030848329048843156
0 0.13303341902313626 0.4138817480719794 0.011568123393316192 0.011996572407883477
0 0.14588688946015424 0.5402742073693232 0.019280205655527016 0.028277634961439518
0 0.25482005141388175 0.23093401885175666 0.01992287917737791 0.029991431019708692
0 0.332904884318766 0.3971722365038561 0.01799485861182518 0.040274207369322995
5 0.33772493573264784 0.5801199657240788 0.01606683804627245 0.02742073693230509
0 0.3213367609254499 0.5659811482433591 0.023136246786632418 0.017994858611825107
13 0.3287275064267352 0.5548414738646101 0.01735218508997427 0.024850042844901454
4 0.3852827763496144 0.5411311053984577 0.013496143958868884 0.02656383890317052
13 0.39170951156812334 0.7395029991431019 0.01863753213367609 0.03427592116538122
0 0.6429948586118251 0.6743787489288775 0.01606683804627245 0.010282776349614409
5 0.6391388174807198 0.7133676092544987 0.016066838046272524 0.029991431019708727
0 0.4138817480719794 0.4931448157669237 0.014138817480719794 0.024850042844901454
0 0.7535347043701799 0.7215081405312768 0.01478149100257056 0.013710368466152544
12 0.7374678663239075 0.7296486718080548 0.013496143958868884 0.03341902313624672
12 0.8088046272493574 0.7180805484147388 0.010925449871465247 0.020565552699228676
