0 0.7450328740485223 0.3358222679286914 0.022947387769818306 0.022803079336881638
0 0.5244215938303343 0.43487574978577553 0.023136246786632383 0.019708654670094247
0 0.43091259640102836 0.47814910025706936 0.01992287917737791 0.023993144815766882
0 0.4562982005141389 0.4524421593830334 0.010282776349614338 0.023993144815766955
13 0.32101542416452444 0.3521850899742931 0.019922879177377874 0.02570694087403602
13 0.2679948586118252 0.508140531276778 0.021850899742930564 0.01885175664095982
12 0.48329048843187666 0.6281062553556127 0.02570694087403602 0.02570694087403609
0 0.7329691516709512 0.7343616109682947 0.021208226221079655 0.022279348757497958
0 0.8470437017994858 0.6366752356469579 0.020565552699228818 0.02570694087403602
0 0.9575835475578406 0.4413024850042845 0.026992287917737768 0.029134532990574086
0 0.6966580976863753 0.7746358183376177 0.02570694087403609 0.023993144815767097
0 0.595758354755784 0.2373607540702656 0.016709511568123434 0.02227934875749785
0 0.5694087403598971 0.13367609254498716 0.019280205655527 0.03770351328191946
