13 0.7230077120822622 0.4957155098543274 0.023136246786632314 0.023136246786632456
0 0.7760282776349614 0.5501285347043702 0.023778920308483293 0.02913453299057416
0 0.9125964010282778 0.46700942587832045 0.020565552699228676 0.030848329048843225
13 0.4203084832904884 0.4378748928877464 0.011568123393316228 0.022279348757497815
13 0.4755784061696658 0.3976006855184233 0.01799485861182518 0.01713796058269068
0 0.4424807197943445 0.1906598114824336 0.022493573264781474 0.023136246786632383
0 0.5372750642673522 0.13710368466152528 0.019280205655527 0.01885175664095973
0 0.6140745501285347 0.13453299057412166 0.01863753213367616 0.02913453299057414
0 0.6333547557840616 0.7429305912596402 0.013496143958868884 0.030848329048843225
0 0.5912596401028278 0.3958868894601542 0.015424164524421684 0.029134532990574228
13 0.6638817480719794 0.3380462724935732 0.020565552699228818 0.019708654670094247
0 0.8258354755784061 0.461439588688946 0.01670951156812336 0.01799485861182518
