4 0.6039117574691772 0.8164930939674377 0.01651763916015625 0.02309391275048256
7 0.15820617973804474 0.5470003485679626 0.02479705773293972 0.03325757011771202
4 0.3272666335105896 0.7491093873977661 0.020189879462122917 0.02526245079934597
4 0.33572685718536377 0.17661793529987335 0.017722319811582565 0.019317250698804855
12 0.47990192070718296 0.5397045558706347 0.016881927847862244 0.02033667080104351
7 0.3180496394634247 0.32349345088005066 0.021521972492337227 0.02744356356561184
4 0.8061355948448181 0.6561967134475708 0.014851745218038559 0.02019653283059597
4 0.8293886780738831 0.6360841393470764 0.01537322998046875 0.02092207781970501
4 0.4800429344177246 0.19843587279319763 0.01984826661646366 0.020518941804766655
4 0.5987216234207153 0.4321897029876709 0.016212280839681625 0.019383544102311134
4 0.7595273852348328 0.38382667303085327 0.016350585967302322 0.021246135234832764
4 0.5443384647369385 0.7746477127075195 0.015565307810902596 0.01911214180290699
8 0.48053646087646484 0.38059642910957336 0.019366271793842316 0.020329711958765984
0 0.18527227640151978 0.7870117425918579 0.012965057045221329 0.018047606572508812
4 0.4482582211494446 0.434190034866333 0.015801819041371346 0.020107543095946312
7 0.8591167330741882 0.6794999837875366 0.018653443083167076 0.023347249254584312
8 0.7426759004592896 0.18922141194343567 0.01977044716477394 0.02511621080338955
7 0.46132734417915344 0.5691479444503784 0.02049865759909153 0.025954915210604668
8 0.8145449757575989 0.3291158974170685 0.017704956233501434 0.01933608017861843
12 0.7505159540470582 0.15732883056106986 0.016101631223389295 0.024531484591904667
12 0.43341389298439026 0.5779139399528503 0.015133881010115147 0.02021508850157261
13 0.6103798747062683 0.10599320381879807 0.015510437078773975 0.0203514713793993
8 0.3891969621181488 0.8225482702255249 0.014924438670277596 0.026554524898529053
12 0.5167126059532166 0.1415271759033203 0.013863190077245235 0.019741343334317207
0 0.18715207964411731 0.4367976865149402 0.012962539424128689 0.017692540516085577
4 0.3686116337776184 0.2560904622077942 0.016757750883698463 0.024821879342198372
12 0.6931433081626892 0.6043017506599426 0.019664490595459938 0.022421671077609062
0 0.37931606181176586 0.5821215023622617 0.013957020048540542 0.015096017599246767
7 0.5760601758956909 0.3739685118198395 0.017589783295989037 0.02413228340446949
10 0.11760968722613735 0.3088506460189818 0.022617259840923908 0.017362223938107484
12 0.04614030942320824 0.5829710960388184 0.01783345825970173 0.01859106495976448
0 0.30944730077120824 0.14524421593830333 0.01349614395886892 0.017994858611825197
0 0.29338046272493573 0.14567266495287062 0.009640102827763534 0.023993144815766955
0 0.5340616966580977 0.7052270779777206 0.00899742930591259 0.023993144815766955
12 0.5044987146529563 0.6169665809768637 0.010282776349614409 0.029134532990574086
0 0.11246786632390746 0.6606683804627249 0.011568123393316192 0.015424164524421684
14 0.08290488431876607 0.589974293059126 0.016709511568123395 0.021422450728363317
14 0.08997429305912595 0.5132819194515852 0.015424164524421587 0.032562125107112296
4 0.2731362467866324 0.38817480719794345 0.020565552699228783 0.02570694087403602
5 0.3695372750642673 0.5574121679520136 0.014138817480719794 0.024850042844901523
0 0.5443444730077122 0.5359897172236504 0.01670951156812336 0.023136246786632456
4 0.5102827763496144 0.4365895458440445 0.015424164524421542 0.021422450728363317
0 0.5302056555269923 0.44044558697515 0.024421593830334203 0.018851756640959748
13 0.5459511568123393 0.39802913453299055 0.021208226221079655 0.021422450728363317
4 0.413560411311054 0.2403598971722365 0.01992287917737791 0.01456726649528708
4 0.3682519280205655 0.22493573264781488 0.025706940874035952 0.017994858611825214
12 0.5520565552699229 0.15038560411311053 0.012853470437017976 0.029991431019708657
4 0.644922879177378 0.2300771208226221 0.016066838046272524 0.024850042844901454
12 0.6339974293059126 0.5565552699228792 0.013496143958868813 0.021422450728363317
0 0.634318766066838 0.6169665809768637 0.012853470437017976 0.01713796058269068
4 0.7747429305912595 0.6876606683804627 0.021208226221079797 0.021422450728363317
0 0.8791773778920308 0.44730077120822626 0.015424164524421684 0.01713796058269061
4 0.737789203084833 0.3457583547557841 0.01799485861182518 0.021422450728363317
0 0.37532133676092544 0.4837189374464439 0.010282776349614409 0.014567266495287043
12 0.33483290488431877 0.4610111396743787 0.019280205655527 0.020565552699228745
0 0.2985218508997429 0.19880034275921168 0.0096401028277635 0.023993144815766917
0 0.5183161953727506 0.1773778920308483 0.013496143958868955 0.015424164524421578
12 0.6654884318766067 0.3517566409597258 0.014781491002570703 0.021422450728363317
12 0.6625964010282778 0.3718937446443873 0.019280205655527 0.020565552699228887
0 0.675771208226221 0.38731790916880887 0.01735218508997434 0.013710368466152544
8 0.5755141388174807 0.48586118251928023 0.025064267352185043 0.025706940874035952
13 0.6150385604113111 0.5278491859468722 0.021850899742930637 0.023993144815767024
0 0.5902956298200513 0.541988003427592 0.013496143958868884 0.014567266495287043
0 0.6523136246786632 0.4798628963153385 0.012853470437018046 0.018851756640959748
0 0.6651670951156813 0.546700942587832 0.014138817480719865 0.010282776349614409
11 0.6709511568123393 0.4601542416452442 0.016709511568123503 0.022279348757497815
4 0.6709511568123393 0.4910025706940874 0.015424164524421542 0.025706940874035952
12 0.8181233933161955 0.5634104541559555 0.012853470437017905 0.02656383890317052
4 0.6860539845758354 0.6748071979434448 0.012210796915167067 0.01970865467009432
0 0.3091259640102828 0.6949443016281063 0.014138817480719794 0.015424164524421542
12 0.25128534704370176 0.6122536418166239 0.014138817480719794 0.01799485861182518
0 0.2679948586118252 0.4704370179948586 0.01285347043701801 0.022279348757497885
12 0.5160668380462725 0.2189374464438732 0.021850899742930495 0.023136246786632383
12 0.5684447300771208 0.7193658954584404 0.012210796915167067 0.019708654670094177
10 0.5555912596401028 0.713796058269066 0.013496143958868884 0.02570694087403609
0 0.512853470437018 0.7455012853470435 0.010282776349614409 0.023993144815766955
0 0.9183804627249357 0.279777206512425 0.014138817480719865 0.021422450728363282
0 0.8714652956298201 0.18123393316195371 0.010282776349614409 0.012853470437017976
4 0.800771208226221 0.17823479005998288 0.014138817480719865 0.020565552699228818
0 0.33386889460154245 0.5282776349614395 0.012210796915167067 0.012853470437017905
12 0.39652956298200515 0.62382176520994 0.015424164524421684 0.022279348757497815
4 0.6012210796915167 0.5942587832047985 0.016066838046272524 0.021422450728363386
14 0.272172236503856 0.31405312767780635 0.01992287917737791 0.024850042844901454
12 0.12178663239074548 0.3538988860325621 0.01992287917737789 0.022279348757497885
14 0.45854755784061696 0.5467009425878321 0.01992287917737791 0.01713796058269068
0 0.45404884318766064 0.5295629820051414 0.00835475578406168 0.013710368466152544
0 0.26638817480719795 0.766923736075407 0.0096401028277635 0.01713796058269054
14 0.2882390745501286 0.8003427592116538 0.013496143958868884 0.020565552699228818
0 0.03631105398457584 0.5891173950299914 0.010925449871465305 0.016281062553556255
0 0.06555269922879177 0.5248500428449016 0.01799485861182519 0.014567266495287043
