0 0.15516474843025208 0.42259129881858826 0.01719900593161583 0.022689860314130783
0 0.13648134201841675 0.6616045073657949 0.01742265373468399 0.0308734942227602
0 0.12017994858611825 0.20908311910882602 0.02185089974293058 0.027420736932305054
8 0.3001285347043702 0.4280205655526993 0.017994858611825145 0.02656383890317052
0 0.4203084832904884 0.442159383033419 0.01799485861182518 0.02742073693230509
6 0.3913881748071979 0.4717223650385604 0.020565552699228818 0.024850042844901454
0 0.47300771208226217 0.39760068551842326 0.014138817480719858 0.023993144815766945
0 0.5976863753213367 0.3427592116538132 0.014138817480719722 0.02742073693230509
0 0.5520565552699229 0.14867180805484145 0.020565552699228745 0.02656383890317052
0 0.3737146529562982 0.41473864610111405 0.01863753213367609 0.02570694087403602
0 0.36535989717223655 0.35818337617823476 0.01863753213367609 0.023993144815766882
13 0.33836760925449866 0.3838903170522708 0.01992287917737791 0.023993144815766955
0 0.7014781491002572 0.2634961439588689 0.023778920308483296 0.01285347043701794
