0 0.15616966580976865 0.14995715509854327 0.024421593830334203 0.03256212510711226
0 0.13388626411518892 0.3360646096885766 0.020730040967464447 0.029432332143187523
0 0.16748279333114624 0.38695985078811646 0.018276017159223557 0.026251139119267464
0 0.11790429800748825 0.42566463351249695 0.023346001282334328 0.020615682005882263
0 0.2204870879650116 0.39637479186058044 0.024523407220840454 0.023495769128203392
0 0.26084181666374207 0.4001502990722656 0.015414535067975521 0.024476846680045128
0 0.24346069991588593 0.3975675404071808 0.01810896210372448 0.01995699107646942
0 0.27725442439547543 0.37189095934027777 0.023069458082318306 0.02548840269446373
0 0.2788459360599518 0.20071326196193695 0.019574645906686783 0.02707623317837715
0 0.36216264963150024 0.1369951367378235 0.01902993768453598 0.023444294929504395
0 0.4421197474002838 0.5073900818824768 0.026196014136075974 0.03128792345523834
0 0.3921802043914795 0.4931054711341858 0.0250706784427166 0.026380330324172974
0 0.30063392892288365 0.5440141991764026 0.028073180466890335 0.024866169318556786
0 0.27118024230003357 0.5521847605705261 0.023696990683674812 0.0244037676602602
0 0.24166096344705107 0.5618654326587634 0.024167556315660477 0.023945800960063934
0 0.4888341020036172 0.503745436668396 0.019562194123864174 0.02096048928797245
0 0.5307849049568176 0.553735613822937 0.022657103836536407 0.023609252646565437
0 0.48902133107185364 0.607335090637207 0.02481842041015625 0.021249592304229736
0 0.4538898766040802 0.8372657299041748 0.02080395445227623 0.021131347864866257
4 0.3645792305469513 0.774583101272583 0.016483062878251076 0.01766699180006981
0 0.5634501576423645 0.49201521277427673 0.02840612828731537 0.025892211124300957
0 0.6418304443359375 0.4784596264362335 0.02435784973204136 0.022126179188489914
0 0.6096511483192444 0.6935752034187317 0.018623046576976776 0.026001058518886566
0 0.7696743011474609 0.27421584725379944 0.018147705122828484 0.028421834111213684
0 0.7208685874938965 0.26022371649742126 0.01857922412455082 0.022387919947504997
0 0.809115469455719 0.13801376521587372 0.023094909265637398 0.020098837092518806
4 0.8770912885665894 0.18324251472949982 0.014321777038276196 0.01886977069079876
0 0.7060920596122742 0.7783259153366089 0.03058282472193241 0.021688640117645264
0 0.9371001938008405 0.3794465388818592 0.02733129821717739 0.01829504407942295
0 0.5770227909088135 0.1096397116780281 0.01709582470357418 0.021695159375667572
0 0.4759092926979065 0.09729690849781036 0.015518981963396072 0.027975020930171013
0 0.5354945063591003 0.3307816982269287 0.020218688994646072 0.023758605122566223
0 0.3679305912596401 0.4490145672664953 0.016066838046272524 0.032562125107112226
0 0.38206940874035994 0.45972579263067703 0.01863753213367609 0.02656383890317052
0 0.4193444730077121 0.44558697514995715 0.01606683804627245 0.032562125107112226
0 0.37532133676092544 0.3830334190231362 0.019280205655527 0.032562125107112296
12 0.38946015424164526 0.31705227077977716 0.014138817480719794 0.027420736932305054
13 0.4386246786632391 0.2767780634104542 0.023778920308483224 0.027420736932304984
0 0.41420308483290486 0.23436161096829478 0.01863753213367609 0.03684661525278493
0 0.3946015424164524 0.14567266495287062 0.021850899742930564 0.032562125107112226
0 0.7140102827763496 0.2099400171379606 0.016709511568123503 0.035989717223650394
0 0.6767352185089974 0.49785775492716366 0.026992287917737768 0.030848329048843225
0 0.27442159383033415 0.6829477292202227 0.028277634961439587 0.030848329048843083
13 0.17416452442159383 0.6855184233076264 0.01799485861182518 0.025706940874035952
0 0.2088688946015424 0.7729220222793488 0.015424164524421613 0.01713796058269054
13 0.2519280205655527 0.7819194515852614 0.023136246786632383 0.026563838903170447
13 0.5729434447300771 0.9138817480719794 0.01863753213367616 0.029991431019708727
0 0.7535347043701799 0.8603256212510711 0.019922879177377836 0.01885175664095968
0 0.8309768637532133 0.7763496143958869 0.021850899742930637 0.02570694087403609
0 0.8958868894601543 0.713796058269066 0.02570694087403609 0.020565552699228818
0 0.7464652956298201 0.6838046272493572 0.023778920308483435 0.03427592116538136
0 0.7387532133676092 0.5882604970008569 0.0173521850899742 0.03341902313624679
0 0.8235861182519281 0.34918594687232213 0.025064267352185112 0.02485004284490138
0 0.8412596401028277 0.31919451585261355 0.01928020565552714 0.026563838903170486
0 0.8541131105398461 0.2930591259640103 0.021850899742931106 0.025706940874036
0 0.8200514138817481 0.2150814053127678 0.021850899742930495 0.03084832904884319
0 0.8740359897172237 0.23393316195372751 0.019280205655527 0.032562125107112296
0 0.9260925449871464 0.23907455012853468 0.030848329048843083 0.037703513281919426
0 0.7275064267352185 0.3380462724935732 0.024421593830334133 0.028277634961439587
0 0.6294987146529563 0.33204798628963156 0.01606683804627245 0.028277634961439587
0 0.6866966580976864 0.2634961439588689 0.023778920308483435 0.03513281919451582
0 0.5073907455012854 0.20222793487574975 0.01992287917737791 0.03256212510711226
0 0.5401670951156813 0.20651242502142245 0.025064267352185112 0.02227934875749785
0 0.4514781491002571 0.4198800342759212 0.02892030848329057 0.02570694087403602
0 0.2544987146529563 0.12210796915167096 0.025706940874035952 0.024850042844901454
0 0.62853470437018 0.5766923736075407 0.012853470437017905 0.03427592116538129
0 0.6426735218508998 0.5942587832047986 0.015424164524421613 0.031705227077977655
0 0.4058483290488432 0.6692373607540703 0.022493573264781404 0.023993144815766955
0 0.4383033419023136 0.6375321336760925 0.020565552699228818 0.02570694087403602
0 0.538560411311054 0.7964867180805484 0.023136246786632383 0.031705227077977724
12 0.6622750642673522 0.8243359040274207 0.021208226221079655 0.029134532990574086
0 0.6818766066838046 0.7806341045415596 0.019280205655526857 0.04627249357326491
0 0.7294344473007712 0.8543273350471294 0.024421593830334133 0.02742073693230509
0 0.5803341902313625 0.7189374464438731 0.026992287917737768 0.03427592116538122
0 0.5276349614395888 0.6520994001713796 0.024421593830334203 0.029134532990574086
0 0.45758354755784064 0.5715509854327334 0.020565552699228818 0.02742073693230509
0 0.2982005141388175 0.2647814910025707 0.02570694087403602 0.03427592116538126
5 0.16002570694087406 0.2300771208226221 0.014138817480719813 0.029991431019708692
0 0.8091259640102828 0.41045415595544127 0.024421593830334275 0.025706940874035952
0 0.3431876606683805 0.5162810625535561 0.02570694087403602 0.029991431019708727
12 0.35218508997429304 0.48714652956298204 0.029562982005141406 0.02656383890317059
0 0.08997429305912596 0.48029134532990575 0.017994858611825197 0.03341902313624672
0 0.09575835475578406 0.4481576692373608 0.024421593830334168 0.030848329048843225
0 0.20919023136246787 0.23864610111396745 0.021208226221079693 0.02656383890317052
0 0.7776349614395888 0.42330762639245934 0.023136246786632456 0.02742073693230502
0 0.605719794344473 0.41345329905741207 0.030205655526992246 0.029991431019708657
6 0.5967223650385605 0.44473007712082263 0.02634961439588693 0.022279348757497885
12 0.5077120822622108 0.4070265638389031 0.025706940874035952 0.03598971722365043
7 0.4877892030848329 0.31191088260496996 0.01670951156812336 0.03427592116538133
0 0.853470437017995 0.2189374464438732 0.0154241645244214 0.033419023136246756
0 0.9048843187660668 0.40231362467866316 0.029562982005141406 0.02999143101970865
0 0.4511568123393316 0.3213367609254499 0.01799485861182518 0.020565552699228783
0 0.3419023136246787 0.5921165381319623 0.023136246786632383 0.030848329048843225
0 0.6397814910025708 0.7052270779777206 0.01606683804627238 0.032562125107112226
