8 0.4826644957065582 0.369992196559906 0.02287350408732891 0.0331215001642704
4 0.7933884263038635 0.12619398534297943 0.01849249191582203 0.024938007816672325
4 0.6856591105461121 0.24389268457889557 0.020485106855630875 0.027348143979907036
4 0.11968467384576797 0.38888540863990784 0.018905028700828552 0.02396862767636776
4 0.9669631719589233 0.42663517594337463 0.01941491663455963 0.01982954889535904
4 0.3509584069252014 0.8242908716201782 0.017940735444426537 0.022489991039037704
4 0.3402836322784424 0.7860944271087646 0.016467377543449402 0.020972412079572678
4 0.7428038120269775 0.3535214066505432 0.021798523142933846 0.024032186716794968
4 0.570180356502533 0.43063363432884216 0.01480883825570345 0.02270979806780815
4 0.8995963335037231 0.5027520060539246 0.023079650476574898 0.02554475888609886
7 0.2918223738670349 0.7874341011047363 0.02655639685690403 0.0299072265625
4 0.8588479161262512 0.3589928448200226 0.022660095244646072 0.02428588829934597
4 0.43020153045654297 0.8113452792167664 0.021467285230755806 0.02938997372984886
7 0.5347148180007935 0.4845257103443146 0.021411681547760963 0.02521757036447525
8 0.4795607626438141 0.13058587908744812 0.02149084396660328 0.029862578958272934
4 0.562825083732605 0.49490705132484436 0.017702270299196243 0.02911531552672386
4 0.607891857624054 0.6396796107292175 0.01916925050318241 0.02049584873020649
7 0.5898854732513428 0.6799079775810242 0.019820740446448326 0.02504821866750717
4 0.8693236708641052 0.6208779811859131 0.01803857460618019 0.02591349370777607
7 0.41758328676223755 0.09101621806621552 0.022331787273287773 0.024063842371106148
4 0.1637340635061264 0.2966320812702179 0.01709907501935959 0.02517993189394474
0 0.18319463729858398 0.5510610342025757 0.022730164229869843 0.026753215119242668
7 0.4512404501438141 0.1795123666524887 0.026468567550182343 0.027312224730849266
4 0.8753778338432312 0.15440379083156586 0.015115905553102493 0.026856740936636925
7 0.6135048866271973 0.730521023273468 0.020181946456432343 0.023166421800851822
7 0.7485519647598267 0.7340803742408752 0.019193846732378006 0.02559838816523552
4 0.6594651937484741 0.7044399380683899 0.02126922644674778 0.02616577222943306
0 0.20150971412658691 0.7315154671669006 0.01806536875665188 0.02594173140823841
8 0.5982930660247803 0.22669827938079834 0.02398223802447319 0.026858704164624214
0 0.7332555055618286 0.5790079832077026 0.020027587190270424 0.03064880333840847
7 0.29180797934532166 0.47534945607185364 0.021440520882606506 0.029144205152988434
4 0.2001655250787735 0.3882526755332947 0.017772292718291283 0.02441560849547386
8 0.37553563714027405 0.3119128942489624 0.02278066985309124 0.02002549171447754
4 0.7599775791168213 0.6809877753257751 0.015488769859075546 0.01981429010629654
0 0.10530933737754822 0.46778324246406555 0.0235060416162014 0.031972818076610565
0 0.14283347129821777 0.5667740106582642 0.02350010722875595 0.02384822629392147
4 0.7075643539428711 0.8190670609474182 0.018466003239154816 0.02641194686293602
7 0.6655462384223938 0.39380696415901184 0.024021057412028313 0.02652600035071373
0 0.6764138817480719 0.4785775492716367 0.013496143958868884 0.019708654670094247
5 0.6799485861182519 0.474293059125964 0.021850899742930495 0.028277634961439587
4 0.7853470437017995 0.466152527849186 0.024421593830334137 0.01713796058269061
12 0.7390745501285345 0.2879177377892031 0.020565552699228818 0.022279348757497885
12 0.6934447300771208 0.5342759211653813 0.014138817480719865 0.014567266495287043
12 0.6282133676092545 0.5895458440445587 0.021208226221079728 0.01713796058269068
0 0.7384318766066837 0.6216795201371036 0.01799485861182518 0.012853470437017976
0 0.782133676092545 0.62382176520994 0.019280205655527 0.03427592116538143
0 0.7975578406169666 0.6255355612682091 0.011568123393316228 0.010282776349614551
8 0.949228791773779 0.3958868894601542 0.01799485861182518 0.022279348757497815
0 0.9527634961439588 0.3740359897172237 0.01606683804627238 0.028277634961439587
0 0.8412596401028278 0.2699228791773779 0.017994858611825038 0.022279348757497815
0 0.813624678663239 0.2802056555269923 0.006426735218509094 0.011996572407883406
12 0.6709511568123393 0.7480719794344474 0.016709511568123503 0.01713796058269054
11 0.6661311053984575 0.7287917737789202 0.01606683804627238 0.02827763496143944
5 0.48361182519280205 0.7193658954584404 0.02634961439588693 0.02142245072836346
0 0.2066195372750643 0.6778063410454155 0.01349614395886892 0.032562125107112226
12 0.4489074550128535 0.299057412167952 0.01606683804627245 0.02570694087403602
0 0.27570694087403597 0.45844044558697516 0.021850899742930564 0.020565552699228745
0 0.25032133676092544 0.4040274207369323 0.012210796915167138 0.016281062553556113
0 0.18991002570694085 0.45072836332476435 0.008354755784061717 0.011996572407883406
0 0.3293701799485861 0.570694087403599 0.012210796915167138 0.013710368466152615
5 0.35796915167095117 0.631962296486718 0.00899742930591259 0.02485004284490138
0 0.38913881748071977 0.696229648671808 0.012210796915167067 0.012853470437018046
4 0.3643958868894602 0.7570694087403599 0.019280205655526926 0.019708654670094177
0 0.5044987146529563 0.769922879177378 0.016709511568123434 0.023136246786632314
0 0.490038560411311 0.8033419023136247 0.00835475578406168 0.016281062553556182
12 0.4659383033419023 0.7934875749785775 0.011568123393316228 0.023993144815766955
12 0.5588046272493572 0.7472150814053129 0.01735218508997427 0.025706940874035952
0 0.6131105398457584 0.689802913453299 0.019280205655527 0.027420736932305085
0 0.48361182519280205 0.6602399314481576 0.012210796915167067 0.016281062553556325
8 0.5392030848329048 0.6401028277634961 0.021850899742930637 0.02570694087403602
8 0.5115681233933163 0.5252784918594687 0.017994858611825107 0.020565552699228745
12 0.4913239074550129 0.5308483290488432 0.016066838046272524 0.017994858611825107
0 0.4762210796915167 0.4837189374464439 0.00899742930591259 0.01799485861182518
12 0.4697943444730078 0.434018851756641 0.015424164524421613 0.028277634961439587
4 0.43926735218508994 0.43144815766923744 0.014781491002570703 0.024850042844901523
11 0.4550128534704371 0.4284490145672665 0.015424164524421613 0.02570694087403602
0 0.43476863753213363 0.4014567266495287 0.018637532133676016 0.024850042844901454
0 0.4267352185089975 0.31833761782347897 0.020565552699228745 0.029991431019708623
0 0.4039203084832906 0.29691516709511573 0.01863753213367609 0.03684661525278493
12 0.3862467866323908 0.23993144815766926 0.016709511568123434 0.015424164524421613
0 0.38046272493573263 0.2210796915167095 0.012853470437018046 0.015424164524421578
0 0.2596401028277635 0.15167095115681234 0.01285347043701801 0.018851756640959713
13 0.19312339331619538 0.2527849185946872 0.01992287917737791 0.01713796058269068
0 0.56426735218509 0.38174807197943444 0.010282776349614409 0.01970865467009432
0 0.6307840616966581 0.22793487574978577 0.01735218508997427 0.03256212510711226
4 0.8123393316195373 0.5231362467866324 0.01799485861182518 0.031705227077977585
0 0.8483290488431876 0.1936589545844045 0.011568123393316228 0.01371036846615251
0 0.8714652956298201 0.18294772922022276 0.010282776349614409 0.01285347043701801
0 0.14395886889460152 0.1482433590402742 0.015424164524421578 0.01713796058269068
0 0.2541773778920309 0.7257926306769494 0.01349614395886892 0.013710368466152544
4 0.2686375321336761 0.6872322193658954 0.020565552699228783 0.030848329048843225
0 0.27667095115681234 0.639674378748929 0.018637532133676124 0.011139674378748979
0 0.15167095115681234 0.6203941730934018 0.020565552699228763 0.025706940874035952
12 0.16516709511568123 0.6015424164524421 0.029562982005141406 0.02742073693230502
12 0.17994858611825193 0.6401028277634961 0.020565552699228783 0.02742073693230502
12 0.5398457583547558 0.30377035132819197 0.015424164524421542 0.016281062553556148
0 0.5591259640102827 0.2352185089974293 0.015424164524421684 0.00942587832047984
14 0.5440231362467866 0.18080548414738642 0.014781491002570632 0.03084832904884319
0 0.4286632390745501 0.8920308483290489 0.021850899742930564 0.020565552699228818
12 0.522172236503856 0.8131962296486718 0.0096401028277635 0.022279348757497815
13 0.7390745501285346 0.8414738646101114 0.015424164524421684 0.025706940874035952
