0 0.14395886889460155 0.647814910025707 0.017994858611825197 0.013710368466152402
0 0.24260925449871465 0.40317052270779785 0.010925449871465282 0.014567266495287114
0 0.6510282776349615 0.44001713796058267 0.011568123393316086 0.011139674378748908
8 0.6439588688946016 0.4905741216795201 0.015424164524421613 0.03513281919451579
8 0.4052056555269922 0.7943444730077122 0.01992287917737791 0.01713796058269068
0 0.7352185089974292 0.7086546700942589 0.010282776349614267 0.015424164524421684
5 0.8232647814910026 0.31962296486718084 0.021850899742930495 0.02227934875749785
8 0.5388817480719794 0.4520137103684661 0.014781491002570703 0.03684661525278493
14 0.4852185089974293 0.6739502999143102 0.011568123393316157 0.014567266495287185
0 0.3794987146529563 0.3479005998286204 0.012210796915167067 0.01713796058269068
14 0.24421593830334187 0.3067694944301628 0.015424164524421578 0.013710368466152544
