14 0.584336519241333 0.4309327304363251 0.02000604197382927 0.01598038710653782
0 0.1969794344473008 0.2047986289631534 0.009640102827763463 0.018851756640959713
8 0.3823907455012854 0.5334190231362469 0.019280205655527 0.023136246786632383
0 0.756426735218509 0.7930591259640102 0.014138817480719722 0.023136246786632314
6 0.3248714652956298 0.6392459297343617 0.021208226221079728 0.01713796058269061
14 0.2596401028277635 0.5955441302485004 0.01285347043701801 0.02570694087403602
0 0.1642030848329049 0.4987146529562982 0.012210796915167101 0.010282776349614409
12 0.20565552699228792 0.4027420736932305 0.01799485861182518 0.013710368466152542
0 0.8984575835475579 0.7043701799485862 0.010282776349614409 0.013710368466152402
0 0.9466580976863753 0.3419023136246787 0.024421593830334275 0.02570694087403602
