0 0.9799548387527466 0.33802148699760437 0.025613952428102493 0.03404884785413742
0 0.4797331529135567 0.6994444294780772 0.013400950734826927 0.015599750903305459
2 0.8525064267352184 0.6186803770351328 0.016066838046272524 0.02742073693230502
0 0.9466580976863753 0.6212510711225364 0.01413881748071972 0.01713796058269068
0 0.4199871465295629 0.19237360754070265 0.01606683804627245 0.01456726649528708
0 0.5016066838046273 0.5149957155098543 0.00835475578406168 0.011996572407883549
2 0.5684447300771208 0.5089974293059126 0.014781491002570703 0.02742073693230502
2 0.5845115681233932 0.5205655526992287 0.014781491002570746 0.024850042844901478
0 0.25160668380462725 0.6533847472150813 0.009640102827763534 0.014567266495287043
0 0.8258354755784062 0.4605826906598115 0.00899742930591259 0.016281062553556113
6 0.6552056555269921 0.40102827763496146 0.018637532133675853 0.0274207369323051
8 0.5308483290488433 0.805484147386461 0.01670951156812336 0.01885175664095968
8 0.7895244215938303 0.7193658954584404 0.013496143958868884 0.023136246786632314
8 0.4466580976863753 0.31362467866323906 0.019280205655527 0.02570694087403602
