7 0.43482068181037903 0.3641206920146942 0.017714690417051315 0.029782429337501526
4 0.6805656552314758 0.6293790936470032 0.02303656004369259 0.02168298326432705
4 0.11969799548387527 0.3379366993904114 0.018208077177405357 0.024614155292510986
4 0.31764718890190125 0.6219559907913208 0.019856750965118408 0.02175142429769039
4 0.6398305296897888 0.7942482233047485 0.01945166103541851 0.0192466638982296
0 0.09752344340085983 0.276867151260376 0.024496901780366898 0.029055338352918625
4 0.29303425550460815 0.5440653562545776 0.017534514889121056 0.02497432380914688
0 0.6674083471298218 0.3965127766132355 0.023511536419391632 0.025985311716794968
12 0.6904483437538147 0.5394734144210815 0.017196349799633026 0.02251765877008438
7 0.5780490636825562 0.0969143658876419 0.017748473212122917 0.02581198699772358
7 0.6285903453826904 0.11339917033910751 0.0269313957542181 0.02635985240340233
4 0.795726478099823 0.528617262840271 0.012409545481204987 0.02471097745001316
0 0.8496471643447876 0.23082052171230316 0.023085815832018852 0.02502085454761982
4 0.9738662242889404 0.44335371255874634 0.019240356981754303 0.018519693985581398
0 0.8211532831192017 0.3415723741054535 0.02750280685722828 0.02573431469500065
0 0.9772195816040039 0.40099194645881653 0.025764038786292076 0.02376200444996357
4 0.7564018368721008 0.6974173188209534 0.016728393733501434 0.023039957508444786
0 0.575728714466095 0.5482004880905151 0.02224389649927616 0.03287874534726143
7 0.3626942038536072 0.3140150010585785 0.02591140754520893 0.02813134714961052
12 0.2014261782169342 0.05705082044005394 0.018895339220762253 0.02232082560658455
7 0.44597846269607544 0.4217759668827057 0.02056732214987278 0.022272827103734016
0 0.36001402139663696 0.7679113149642944 0.025501342490315437 0.03287939354777336
4 0.17653976380825043 0.2527415454387665 0.01488494873046875 0.02208670973777771
7 0.5274356603622437 0.7436084151268005 0.01944451965391636 0.03122534230351448
7 0.2914007604122162 0.6305441856384277 0.017812682315707207 0.02906937710940838
0 0.5806389451026917 0.3418993651866913 0.0210039671510458 0.02768098935484886
4 0.4589559733867645 0.47280052304267883 0.012957214377820492 0.02245633862912655
0 0.39203137159347534 0.2713773548603058 0.0255053099244833 0.03030014969408512
0 0.8223153352737427 0.24531665444374084 0.024130798876285553 0.02401568554341793
4 0.2935919165611267 0.2593628466129303 0.01611996442079544 0.0251789353787899
0 0.908913791179657 0.5386346578598022 0.022631103172898293 0.01845475286245346
12 0.48839303851127625 0.7472857236862183 0.014909179881215096 0.023351075127720833
12 0.18196536600589752 0.7052482962608337 0.022891951724886894 0.018684081733226776
7 0.44308047950421015 0.29553788900375366 0.018818725350583515 0.023447733372449847
0 0.17095115681233936 0.17266495287060837 0.015424164524421578 0.016281062553556113
0 0.19376606683804623 0.36546700942587834 0.012210796915167101 0.012853470437017976
11 0.09704370179948586 0.42759211653813195 0.024421593830334185 0.032562125107112296
13 0.1359254498714653 0.10197086546700945 0.0096401028277635 0.030848329048843177
6 0.2615681233933162 0.18209083119108826 0.026992287917737768 0.021422450728363317
0 0.37146529562982006 0.11096829477292201 0.010282776349614409 0.029991431019708657
0 0.1609897172236504 0.519280205655527 0.007069408740359879 0.013710368466152615
13 0.19408740359897173 0.5629820051413882 0.028277634961439587 0.01713796058269068
4 0.15038560411311055 0.6268209083119108 0.01799485861182518 0.024850042844901454
0 0.14845758354755784 0.7553556126820908 0.011568123393316192 0.028277634961439587
0 0.17255784061696658 0.7656383890317053 0.00835475578406168 0.012853470437018046
0 0.19087403598971722 0.7579263067694945 0.01670951156812336 0.029991431019708727
0 0.26124678663239076 0.765209940017138 0.013496143958868884 0.01885175664095968
0 0.35507712082262216 0.8611825192802057 0.025064267352185043 0.013710368466152544
8 0.4090616966580977 0.8384747215081405 0.021208226221079728 0.023136246786632456
12 0.41227506426735216 0.7866323907455012 0.01992287917737791 0.027420736932304946
8 0.4575835475578405 0.6855184233076267 0.025706940874035952 0.015424164524421741
8 0.4926092544987146 0.6940874035989718 0.01863753213367609 0.02742073693230509
0 0.3210154241645244 0.5544130248500428 0.014781491002570668 0.015424164524421542
0 0.2975578406169666 0.5702656383890318 0.016709511568123395 0.016281062553556182
14 0.294987146529563 0.589974293059126 0.019280205655527 0.017994858611825322
0 0.3271208226221078 0.5784061696658098 0.006426735218509151 0.01371036846615255
0 0.33419023136246784 0.5244215938303342 0.007712082262210771 0.011996572407883477
0 0.16580976863753213 0.5955441302485004 0.01285347043701801 0.022279348757497815
0 0.42223650385604133 0.11868037703513278 0.012853470437017908 0.014567266495287117
12 0.5449871465295629 0.3264781491002571 0.015424164524421613 0.018851756640959713
0 0.5269922879177379 0.42759211653813195 0.010282776349614409 0.011996572407883406
0 0.5694087403598972 0.46829477292202226 0.010282776349614409 0.01799485861182518
4 0.6205012853470437 0.39631533847472156 0.01735218508997427 0.016281062553556113
12 0.6462082262210797 0.3676092544987146 0.01735218508997434 0.018851756640959748
0 0.47236503856041134 0.06255355612682091 0.014138817480719865 0.017137960582690664
0 0.8634318766066837 0.194515852613539 0.014781491002570703 0.023993144815766917
14 0.8669665809768636 0.38046272493573263 0.021850899742930637 0.01885175664095968
10 0.8547557840616966 0.45844044558697516 0.012853470437017905 0.022279348757497885
4 0.9074550128534704 0.4365895458440445 0.01799485861182518 0.023136246786632383
0 0.9383033419023136 0.40616966580976865 0.010282776349614409 0.011996572407883477
12 0.9354113110539845 0.38603256212510717 0.025064267352185112 0.017994858611825107
13 0.9498714652956298 0.36975149957155096 0.025706940874035952 0.014567266495287114
12 0.8978149100257069 0.3149100257069409 0.014138817480719865 0.019708654670094285
0 0.7795629820051414 0.7763496143958869 0.014138817480719865 0.01713796058269068
0 0.7451799485861182 0.800771208226221 0.012210796915167067 0.014567266495287043
0 0.7069408740359898 0.7493573264781491 0.023136246786632314 0.017994858611825322
0 0.6195372750642674 0.7544987146529563 0.012853470437018046 0.01799485861182518
0 0.646529562982005 0.6988003427592117 0.010282776349614409 0.01628106255355604
0 0.6500642673521851 0.6722365038560412 0.012210796915167067 0.012853470437017905
0 0.6503856041131105 0.6251071122536418 0.012853470437017905 0.009425878320479981
8 0.6372107969151671 0.5265638389031705 0.010925449871465247 0.02485004284490138
12 0.4376606683804627 0.6088260497000857 0.016709511568123434 0.01799485861182525
12 0.5186375321336761 0.7759211653813196 0.024421593830334133 0.031705227077977724
0 0.24260925449871465 0.42373607540702657 0.014781491002570703 0.012853470437018046
13 0.24293059125964012 0.21122536418166238 0.024421593830334203 0.023136246786632383
12 0.23875321336760924 0.10582690659811486 0.026349614395886806 0.026563838903170572
0 0.43123393316195374 0.21765209940017136 0.014138817480719794 0.029134532990574124
8 0.512853470437018 0.1328191945158526 0.020565552699228745 0.03256212510711226
8 0.5212082262210798 0.09982862039417309 0.01670951156812336 0.031705227077977724
0 0.5253856041131105 0.07840616966580978 0.014781491002570703 0.01799485861182519
12 0.5581619537275064 0.25235646958012 0.018637532133676016 0.01456726649528708
12 0.7101542416452443 0.2772065124250214 0.019280205655527 0.03341902313624679
0 0.4550128534704371 0.5154241645244215 0.010282776349614338 0.023136246786632383
0 0.5710154241645244 0.5252784918594687 0.021208226221079655 0.022279348757497885
0 0.6266066838046273 0.48371893744644384 0.014138817480719794 0.024850042844901523
4 0.6648457583547558 0.4708654670094259 0.018637532133676016 0.019708654670094247
