14 0.17480719794344474 0.5299914310197086 0.02313624678663238 0.02656383890317052
14 0.32230077120822626 0.567694944301628 0.01863753213367609 0.026563838903170447
6 0.5649100257069408 0.22193658954584403 0.01670951156812336 0.02742073693230502
11 0.4235218508997429 0.30719794344473006 0.01670951156812336 0.024850042844901454
0 0.3991002570694087 0.32476435304198803 0.014138817480719794 0.018851756640959748
0 0.6857326478149101 0.26178234790059984 0.014138817480719865 0.016281062553556113
0 0.6555269922879177 0.7853470437017995 0.010282776349614409 0.021422450728363317
0 0.5629820051413882 0.6688089117395031 0.012853470437018046 0.023136246786632456
0 0.5790488431876607 0.5094258783204798 0.010282776349614338 0.01970865467009432
14 0.4415167095115681 0.4297343616109683 0.01928020565552707 0.03341902313624679
