4 0.1083199754357338 0.3885800838470459 0.024494674056768417 0.0285334475338459
4 0.7284626364707947 0.34390968084335327 0.01965026929974556 0.02704097516834736
4 0.7152581810951233 0.7460616230964661 0.01759899966418743 0.024417642503976822
4 0.850987434387207 0.7826206088066101 0.01857910118997097 0.023822184652090073
4 0.9695123434066772 0.42622998356819153 0.01893157884478569 0.019764525815844536
0 0.44791799783706665 0.39852023124694824 0.027440369129180908 0.022963622584939003
4 0.14758722484111786 0.2824661135673523 0.016471389681100845 0.0229949951171875
4 0.9064651131629944 0.640592634677887 0.017542479559779167 0.02408776804804802
4 0.838553249835968 0.40881845355033875 0.022621886804699898 0.02307714894413948
10 0.16136321425437927 0.5149789452552795 0.016140654683113098 0.02220296300947666
4 0.7604729533195496 0.6628535389900208 0.015040405094623566 0.02256648801267147
7 0.6255504488945007 0.6224948167800903 0.015610718168318272 0.02717513032257557
4 0.31243225932121277 0.561151921749115 0.016513733193278313 0.021168293431401253
4 0.24979858100414276 0.762971818447113 0.01569250412285328 0.01690926030278206
7 0.5610629320144653 0.3640917241573334 0.01663549803197384 0.026797078549861908
8 0.37469595670700073 0.3880760073661804 0.022125976160168648 0.027362914755940437
4 0.5397446155548096 0.4770672917366028 0.02212982252240181 0.0247246902436018
4 0.3805199861526489 0.6844713687896729 0.014039184898138046 0.02621382661163807
4 0.4477649927139282 0.11175472289323807 0.016653258353471756 0.02732963114976883
12 0.141790509223938 0.594677746295929 0.018120910972356796 0.01764286309480667
12 0.5751976749277973 0.45702011744079163 0.011807616800069809 0.021184571087360382
12 0.5009668469429016 0.0822099894285202 0.01769961602985859 0.01839987188577652
4 0.3518536686897278 0.8076285123825073 0.019962036982178688 0.022752603515982628
8 0.34036585688591003 0.6554717421531677 0.023061217740178108 0.0273747555911541
8 0.7340206503868103 0.25115132331848145 0.015715209767222404 0.024096863344311714
8 0.6478562355041504 0.39144015312194824 0.024950439110398293 0.020575113594532013
4 0.507133960723877 0.3924451768398285 0.013269409537315369 0.02380281500518322
4 0.36610615253448486 0.2697203457355499 0.013317535631358624 0.01786830648779869
4 0.8793716430664062 0.34171077609062195 0.012633911333978176 0.02091127447783947
12 0.8560951352119446 0.24074487388134003 0.013391723856329918 0.020334819331765175
4 0.7921997904777527 0.7275069952011108 0.019106201827526093 0.017605062574148178
12 0.34666454792022705 0.5459251403808594 0.01498312409967184 0.018893025815486908
12 0.7367892265319824 0.3259791135787964 0.01694909669458866 0.02319679781794548
4 0.09415167095115681 0.36375321336760924 0.023778920308483293 0.01799485861182518
4 0.23746786632390746 0.6311053984575835 0.012210796915167067 0.014567266495287114
5 0.29048843187660667 0.610968294772922 0.023136246786632418 0.02570694087403602
11 0.2985218508997429 0.5968294772922023 0.01735218508997427 0.021422450728363317
12 0.21786632390745503 0.8179091688089117 0.024421593830334168 0.024850042844901454
0 0.12982005141388175 0.7082262210796916 0.015424164524421595 0.024850042844901454
0 0.18412596401028278 0.5646958011996572 0.0096401028277635 0.01542416452442147
11 0.12210796915167094 0.5038560411311055 0.01799485861182518 0.03427592116538129
13 0.1564910025706941 0.41431019708654676 0.017352185089974305 0.023136246786632383
0 0.13978149100257067 0.4070265638389031 0.016066838046272486 0.02913453299057416
11 0.1153598971722365 0.4065981148243359 0.01863753213367609 0.024850042844901454
5 0.10122107969151671 0.44387317909168805 0.0109254498714653 0.020565552699228818
5 0.09479434447300772 0.41945158526135384 0.022493573264781474 0.019708654670094247
13 0.07904884318766067 0.40616966580976865 0.0218508997429306 0.023993144815766882
0 0.05816195372750643 0.2814910025706941 0.0224935732647815 0.014567266495287043
0 0.11182519280205656 0.26049700085689803 0.015424164524421595 0.020565552699228745
12 0.21979434447300772 0.32090831191088265 0.012853470437017976 0.017994858611825214
12 0.2210796915167095 0.45886889460154245 0.010282776349614409 0.028277634961439587
10 0.39942159383033415 0.42544987146529567 0.01863753213367609 0.024850042844901454
0 0.2487146529562982 0.7326478149100256 0.0218508997429306 0.025706940874035952
12 0.2953084832904884 0.7964867180805484 0.01863753213367609 0.023136246786632456
12 0.43091259640102825 0.7600685518423308 0.02763496143958875 0.022279348757497815
6 0.432840616966581 0.7412167952013711 0.01992287917737791 0.022279348757497815
8 0.3984575835475579 0.6495287060839761 0.020565552699228745 0.01713796058269054
5 0.4383033419023136 0.6118251928020565 0.015424164524421684 0.023993144815766955
12 0.43091259640102825 0.5852613538988861 0.02634961439588679 0.022279348757497815
11 0.43251928020565555 0.20651242502142245 0.016709511568123434 0.03256212510711226
12 0.49357326478149105 0.29220222793487577 0.020565552699228745 0.029134532990574124
0 0.6921593830334192 0.0972579263067695 0.019280205655527214 0.016281062553556117
0 0.7673521850899744 0.12596401028277635 0.012853470437018046 0.020565552699228783
0 0.7853470437017995 0.11011139674378749 0.015424164524421684 0.011139674378748942
0 0.8258354755784062 0.18851756640959724 0.024421593830334133 0.023993144815766955
0 0.9489074550128536 0.3144815766923736 0.00964010282776357 0.025706940874035952
13 0.9453727506426735 0.3744644387317909 0.024421593830334133 0.015424164524421684
0 0.9559768637532133 0.39931448157669236 0.010925449871465247 0.020565552699228818
12 0.893637532133676 0.47643530419880037 0.025064267352185112 0.020565552699228818
4 0.8226221079691517 0.5372750642673522 0.020565552699228818 0.018851756640959748
11 0.778598971722365 0.5818337617823479 0.018637532133676016 0.03256212510711215
0 0.8785347043701799 0.7120822622107968 0.019280205655526857 0.025706940874035952
12 0.8586118251928021 0.6195372750642674 0.015424164524421542 0.029134532990574086
12 0.8537917737789203 0.5475578406169666 0.025064267352185112 0.011996572407883477
0 0.7165809768637533 0.8191945158526136 0.01670951156812336 0.023993144815766955
12 0.7053341902313625 0.7900599828620395 0.016066838046272524 0.025706940874035952
12 0.48264781491002573 0.6225364181662383 0.01670951156812336 0.023136246786632383
12 0.5343830334190232 0.5951156812339332 0.01606683804627245 0.01970865467009432
12 0.5019280205655526 0.4434447300771208 0.008997429305912661 0.016281062553556113
0 0.4569408740359897 0.32476435304198803 0.021850899742930564 0.025706940874035987
0 0.38688946015424164 0.1790916880891174 0.020565552699228818 0.018851756640959748
0 0.3663239074550128 0.1383890317052271 0.015424164524421542 0.019708654670094264
12 0.3910668380462725 0.11568123393316196 0.023778920308483224 0.01885175664095973
0 0.31940874035989714 0.461439588688946 0.019280205655526964 0.028277634961439587
0 0.6095758354755785 0.7030848329048842 0.014781491002570632 0.014567266495287043
6 0.5584832904884318 0.6846615252784918 0.008997429305912661 0.01885175664095968
6 0.5909383033419023 0.6161096829477292 0.021208226221079655 0.018851756640959748
0 0.47365038560411316 0.15295629820051412 0.011568123393316228 0.021422450728363317
13 0.6160025706940874 0.14610111396743786 0.022493573264781547 0.021422450728363334
13 0.584190231362468 0.2930591259640103 0.021850899742930707 0.023993144815766917
0 0.21304627249357325 0.11053984575835475 0.012210796915167101 0.018851756640959713
