0 0.815939724445343 0.6969563961029053 0.01704522781074047 0.029026733711361885
0 0.5991842746734619 0.4190797507762909 0.019130615517497063 0.025524821132421494
12 0.6767340302467346 0.5084189176559448 0.021916870027780533 0.02554992586374283
4 0.6480682492256165 0.7111285924911499 0.016040954738855362 0.01383894868195057
0 0.5742282867431641 0.45974743366241455 0.0178680419921875 0.029796630144119263
13 0.6449939012527466 0.5707668662071228 0.026641907170414925 0.02450411021709442
12 0.5743460655212402 0.411277711391449 0.01648547314107418 0.020696289837360382
0 0.2742689847946167 0.6309000849723816 0.016344817355275154 0.026488646864891052
0 0.6136956214904785 0.755706787109375 0.02543945237994194 0.023274414241313934
13 0.711439588688946 0.24978577549271638 0.020565552699228818 0.023136246786632383
0 0.7538560411311053 0.19622964867180806 0.012853470437018046 0.015424164524421578
4 0.7769922879177378 0.19837189374464437 0.020565552699228818 0.021422450728363317
0 0.7972365038560412 0.21036846615252786 0.01606683804627238 0.021422450728363317
12 0.7220437017994858 0.11396743787489289 0.02506426735218497 0.01885175664095973
0 0.5433804627249357 0.15124250214224508 0.012210796915167138 0.01970865467009423
11 0.6137532133676092 0.17095115681233936 0.012853470437017976 0.021422450728363317
0 0.654241645244216 0.20865467009425878 0.011568123393316228 0.03513281919451582
0 0.6423521850899744 0.2930591259640103 0.012210796915167138 0.01713796058269068
0 0.6654884318766067 0.2866323907455013 0.008354755784061751 0.01285347043701801
0 0.6687017994858613 0.390745501285347 0.00964010282776357 0.010282776349614409
0 0.6863753213367609 0.3723221936589546 0.011568123393316228 0.014567266495287043
0 0.6587403598971722 0.40059982862039417 0.010282776349614409 0.00942587832047991
1 0.6629177377892032 0.4087403598971722 0.019922879177377836 0.01713796058269068
6 0.6346401028277635 0.45672664952870606 0.022493573264781474 0.015424164524421613
6 0.634318766066838 0.43873179091688086 0.026992287917737768 0.018851756640959748
0 0.6481362467866325 0.4798628963153385 0.014781491002570845 0.025706940874035952
0 0.6166452442159382 0.5222793487574979 0.023778920308483366 0.026563838903170447
0 0.7107969151670952 0.5269922879177378 0.014138817480719722 0.015424164524421542
0 0.7226863753213368 0.4952870608397601 0.0173521850899742 0.023993144815766955
0 0.7201156812339332 0.47215081405312775 0.01735218508997434 0.01713796058269061
4 0.7130462724935732 0.4378748928877464 0.014781491002570703 0.023993144815766955
13 0.7882390745501285 0.42587832047986285 0.012210796915167067 0.03427592116538129
12 0.8518637532133675 0.3796058269065981 0.025064267352185112 0.032562125107112226
0 0.8480077120822622 0.3457583547557841 0.016066838046272524 0.021422450728363317
12 0.8531491002570694 0.30762639245929735 0.021208226221079655 0.022279348757497815
0 0.8823907455012854 0.2909168808911739 0.01799485861182518 0.017994858611825214
12 0.8223007712082261 0.4460154241645244 0.018637532133676016 0.028277634961439587
0 0.8232647814910026 0.3367609254498714 0.010282776349614551 0.010282776349614338
0 0.7679948586118251 0.7176520994001714 0.020565552699228818 0.019708654670094177
0 0.797879177377892 0.689802913453299 0.010925449871465247 0.015424164524421684
0 0.8605398457583547 0.6259640102827764 0.01670951156812336 0.03341902313624679
12 0.9029562982005143 0.5484147386461011 0.021850899742930637 0.02913453299057416
0 0.8987789203084833 0.4700085689802914 0.009640102827763428 0.012853470437017976
0 0.8595758354755785 0.5042844901456727 0.01092544987146539 0.021422450728363386
4 0.7985218508997431 0.520994001713796 0.012210796915167209 0.020565552699228745
0 0.8026992287917739 0.49400171379605823 0.014138817480719722 0.023136246786632383
0 0.7882390745501285 0.45886889460154245 0.02892030848329057 0.021422450728363317
0 0.7133676092544988 0.2069408740359897 0.010282776349614409 0.01285347043701801
0 0.5661953727506427 0.1165381319622965 0.011568123393316228 0.011996572407883458
0 0.44408740359897175 0.09040274207369321 0.011568123393316228 0.019708654670094264
0 0.2731362467866324 0.12596401028277635 0.014138817480719759 0.020565552699228783
0 0.25 0.1662382176520994 0.012853470437018046 0.020565552699228763
0 0.2589974293059126 0.17866323907455012 0.011568123393316192 0.016281062553556148
0 0.21625964010282778 0.14781491002570693 0.014781491002570668 0.01628106255355613
0 0.2197943444730077 0.18980291345329905 0.008997429305912625 0.014567266495287043
5 0.17577120822622105 0.22964867180805484 0.019922879177377874 0.02742073693230509
5 0.20051413881748073 0.3350471293916024 0.02570694087403602 0.023993144815766882
0 0.12982005141388175 0.344044558697515 0.008997429305912607 0.011139674378748979
0 0.10379177377892031 0.3688946015424165 0.010925449871465282 0.00942587832047991
0 0.182840616966581 0.3149100257069409 0.01349614395886892 0.009425878320479874
0 0.12275064267352186 0.27849185946872324 0.010282776349614392 0.011996572407883477
0 0.08419023136246785 0.30548414738646096 0.003856041131105403 0.00942587832047984
12 0.2917737789203085 0.4515852613538989 0.019280205655527 0.0445586975149957
0 0.28759640102827766 0.395458440445587 0.010925449871465319 0.029991431019708727
0 0.4469794344473008 0.33761782347900604 0.008354755784061751 0.011996572407883477
0 0.42448586118251924 0.22322193658954587 0.01863753213367609 0.02656383890317052
12 0.4170951156812339 0.25492716366752355 0.012853470437017976 0.02142245072836335
12 0.3296915167095116 0.25364181662382174 0.019280205655527 0.013710368466152544
0 0.2888817480719794 0.24421593830334187 0.007069408740359861 0.01371036846615251
13 0.3036632390745501 0.1765209940017138 0.013496143958868884 0.023993144815766955
0 0.34865038560411304 0.19965724078834618 0.013496143958868884 0.015424164524421613
0 0.3711439588688946 0.20351328191945156 0.014781491002570703 0.011139674378748908
14 0.39620822622107965 0.17437874892887745 0.012210796915167067 0.012853470437017976
13 0.512853470437018 0.2934875749785775 0.01542416452442147 0.026563838903170555
0 0.5697300771208226 0.2686375321336761 0.00964010282776357 0.026563838903170486
0 0.5575192802056556 0.24207369323050557 0.016066838046272524 0.023136246786632418
0 0.5032133676092545 0.4592973436161097 0.015424164524421542 0.015424164524421684
0 0.4816838046272494 0.4541559554413025 0.01735218508997427 0.013710368466152544
0 0.1783419023136247 0.6165381319622965 0.012210796915167101 0.014567266495287043
0 0.20822622107969152 0.5428449014567266 0.017994858611825214 0.016281062553556182
0 0.2217223650385604 0.5608397600685519 0.010282776349614409 0.012853470437017976
0 0.22814910025706944 0.6850899742930591 0.011568123393316192 0.014567266495287043
0 0.12789203084832906 0.702656383890317 0.010282776349614409 0.013710368466152544
0 0.2120822622107969 0.7365038560411311 0.014138817480719794 0.01799485861182518
0 0.28438303341902316 0.7489288774635818 0.0096401028277635 0.010282776349614551
0 0.31908740359897175 0.696229648671808 0.012210796915167067 0.01628106255355604
13 0.4058483290488432 0.6838046272493574 0.022493573264781404 0.030848329048843083
0 0.42641388174807204 0.7112253641816624 0.0096401028277635 0.013710368466152544
0 0.47011568123393316 0.6760925449871464 0.022493573264781547 0.0154241645244214
13 0.48811053984575836 0.6983718937446443 0.023778920308483293 0.01713796058269068
0 0.3660025706940874 0.7870608397600685 0.009640102827763428 0.01628106255355604
0 0.5947943444730077 0.7986289631533847 0.013496143958868884 0.013710368466152544
0 0.6384961439588689 0.7956298200514139 0.009640102827763428 0.016281062553556182
0 0.7046915167095116 0.7767780634104541 0.00964010282776357 0.01799485861182518
0 0.6237146529562981 0.589974293059126 0.0096401028277635 0.012853470437018046
0 0.6458868894601543 0.6011139674378749 0.015424164524421613 0.016281062553556113
0 0.8065552699228792 0.5715509854327334 0.010282776349614551 0.015424164524421684
0 0.8174807197943446 0.5471293916023993 0.012853470437018046 0.021422450728363244
0 0.8161953727506426 0.5098543273350471 0.017994858611825322 0.020565552699228818
0 0.7050128534704371 0.45758354755784064 0.006426735218509093 0.013710368466152542
0 0.532133676092545 0.32476435304198803 0.011568123393316086 0.01713796058269061
0 0.44505141388174807 0.43444730077120824 0.007069408740359932 0.013710368466152544
0 0.5649100257069409 0.18937446443873177 0.015424164524421613 0.02227934875749785
0 0.6246786632390746 0.34661525278491856 0.011568123393316157 0.01799485861182518
0 0.4893958868894602 0.5231362467866325 0.01606683804627245 0.01799485861182525
0 0.5144601542416453 0.5878320479862896 0.008354755784061751 0.013710368466152615
0 0.365681233933162 0.6970865467009426 0.008997429305912519 0.02142245072836346
0 0.45404884318766064 0.6353898886032563 0.021208226221079728 0.01970865467009432
4 0.33483290488431877 0.6418166238217653 0.020565552699228818 0.015424164524421613
0 0.6410668380462725 0.1405312767780634 0.01735218508997434 0.015424164524421595
