14 0.5661953727506427 0.29048843187660667 0.011568123393316228 0.025706940874035952
0 0.9084190231362467 0.34532990574121675 0.022493573264781474 0.023993144815766955
0 0.9456940874035992 0.34147386461011126 0.02634961439588699 0.01799485861182489
0 0.7230077120822622 0.7437874892887747 0.019280205655527 0.011996572407883549
14 0.7741002570694087 0.7553556126820908 0.019922879177377978 0.017994858611825322
0 0.3933161953727506 0.8414738646101114 0.0064267352185089525 0.015424164524421542
0 0.25771208226221076 0.8517566409597258 0.008997429305912625 0.015424164524421542
14 0.1474935732647815 0.30891173950299916 0.013496143958868884 0.017994858611825214
8 0.2975578406169666 0.5959725792630677 0.016709511568123395 0.024850042844901454
0 0.3386889460154242 0.24807197943444734 0.021850899742930564 0.02142245072836335
8 0.17416452442159383 0.5934018851756641 0.024421593830334203 0.01799485861182518
11 0.8181233933161954 0.6773778920308484 0.019280205655526857 0.017994858611825038
0 0.8274421593830334 0.5608397600685519 0.013496143958868884 0.016281062553556113
13 0.6458868894601543 0.39288774635818335 0.014138817480719794 0.028277634961439587
