13 0.2291114058355438 0.7931034482758621 0.01790450928381965 0.024756852343059278
13 0.21916445623342173 0.5548187444739169 0.021883289124668436 0.01326259946949591
0 0.1339522546419098 0.2652519893899204 0.013262599469496017 0.03359858532272323
7 0.6538461538461539 0.38196286472148544 0.026525198938991964 0.037135278514588706
7 0.4144562334217507 0.6662245800176834 0.01989389920424408 0.029177718832891202
0 0.6475464190981433 0.41290893015030944 0.02984084880636608 0.0389036251105216
0 0.6415782493368701 0.5234305923961097 0.019230769230769197 0.01945181255526087
0 0.6651193633952255 0.5229885057471264 0.01458885941644553 0.013262599469496053
0 0.46120689655172414 0.5919540229885057 0.013925729442970863 0.027409372236958374
0 0.47281167108753314 0.5901856763925729 0.011936339522546434 0.032714412024756855
0 0.49336870026525204 0.7528735632183908 0.02917771883289127 0.016799292661361563
13 0.4157824933687003 0.7926613616268788 0.019893899204244007 0.018567639257294388
4 0.2480106100795755 0.5004420866489833 0.021220159151193522 0.026525198938992193
4 0.14257294429708223 0.4235190097259063 0.017241379310344803 0.026525198938992106
0 0.40815649867374004 0.334659593280283 0.011273209549071623 0.030946065428824065
0 0.34681697612732093 0.17241379310344826 0.022546419098143176 0.028293545534924823
0 0.1879973474801061 0.7935455349248451 0.01657824933687003 0.027409372236958374
0 0.32294429708222805 0.9310344827586207 0.02254641909814321 0.037135278514588775
0 0.6153846153846154 0.905393457117595 0.01856763925729446 0.030061892130857616
0 0.8322281167108753 0.6463306808134395 0.023872679045092726 0.035366931918656024
0 0.49834217506631306 0.6648983200707338 0.01923076923076927 0.026525198938991964
0 0.3491379310344827 0.5030946065428824 0.01923076923076927 0.02475685234305921
0 0.23209549071618027 0.11450044208664897 0.023872679045092916 0.027409372236958406
0 0.6382625994694959 0.2692307692307693 0.025862068965517297 0.03271441202475682
0 0.8547745358090185 0.3244916003536693 0.03315649867373992 0.04951370468611852
0 0.7778514588859419 0.1825817860300619 0.022546419098144387 0.029177718832891202
0 0.1913129973474801 0.46684350132625996 0.03249336870026525 0.033598585322723265
0 0.133289124668435 0.5075154730327144 0.027851458885941652 0.026525198938992033
0 0.16909814323607428 0.6401414677276747 0.03050397877984084 0.030061892130857686
0 0.15251989389920426 0.5862068965517241 0.021220159151193643 0.03536693191865616
0 0.15848806366047746 0.5526083112290009 0.027851458885941652 0.02475685234305921
0 0.18003978779840848 0.5358090185676392 0.0218832891246684 0.030061892130857616
0 0.2606100795755968 0.7099911582670202 0.017241379310344803 0.03536693191865609
0 0.3415119363395226 0.8514588859416446 0.025198938992042414 0.02829354553492479
0 0.34383289124668437 0.6423519009725907 0.013925729442970792 0.020335985853227215
0 0.3554376657824933 0.625552608311229 0.023872679045092795 0.03978779840848816
0 0.3547745358090186 0.29000884173297964 0.019893899204244007 0.026525198938992033
0 0.4058355437665783 0.15340406719717065 0.026525198938992033 0.03978779840848805
4 0.5198938992042441 0.11007957559681697 0.013262599469496053 0.02387267904509283
4 0.7891246684350134 0.3603006189213086 0.01591511936339529 0.02210433244916004
0 0.8657161803713528 0.5481874447391689 0.0165782493368701 0.033598585322723265
0 0.6720822281167108 0.8603006189213085 0.025862068965517297 0.02829354553492479
0 0.5424403183023873 0.6485411140583554 0.018567639257294388 0.025641025641025692
0 0.3660477453580902 0.5375773651635721 0.023872679045092868 0.022988505747126523
0 0.4887267904509284 0.49734748010610075 0.014588859416445601 0.030946065428824027
0 0.5258620689655173 0.5764809902740937 0.025198938992042414 0.026525198938992106
0 0.42141909814323614 0.5181255526083113 0.021883289124668366 0.02475685234305921
0 0.4164456233421751 0.4991158267020336 0.021220159151193626 0.030946065428824027
0 0.4486074270557029 0.4089301503094606 0.02188328912466851 0.02917771883289127
0 0.4880636604774536 0.38328912466843507 0.022546419098143245 0.02917771883289127
0 0.6452254641909815 0.32095490716180364 0.0212201591511937 0.02475685234305921
0 0.6793766578249335 0.45711759504862953 0.027188328912466916 0.021220159151193626
0 0.5368037135278514 0.43147656940760387 0.025862068965517297 0.026525198938992033
0 0.3003978779840849 0.32625994694960214 0.030503978779840856 0.031830238726790444
13 0.5822281167108754 0.15649867374005305 0.01856763925729446 0.03890362511052164
13 0.5188992042440318 0.17771883289124665 0.024535809018567677 0.028293545534924823
13 0.7927718832891247 0.2820512820512821 0.021883289124668436 0.021220159151193626
0 0.8255968169761273 0.29354553492484525 0.019893899204244007 0.033598585322723265
0 0.7818302387267902 0.2992926613616269 0.013262599469496053 0.023872679045092868
0 0.7539787798408488 0.5225464190981433 0.025198938992042345 0.035366931918656024
