0 0.33579691516709514 0.1713796058269066 0.013496143958868955 0.013710368466152544
6 0.33965295629820047 0.434018851756641 0.01992287917737791 0.01970865467009432
0 0.6417095115681234 0.47514995715509856 0.012210796915166995 0.012853470437018046
14 0.762210796915167 0.4901456726649529 0.016709511568123503 0.023993144815766882
14 0.8039845758354756 0.42544987146529567 0.01799485861182518 0.023136246786632383
14 0.30430591259640105 0.6083976006855185 0.016066838046272524 0.01885175664095968
14 0.22589974293059126 0.541559554413025 0.01735218508997427 0.030848329048843156
0 0.7429305912596401 0.14524421593830333 0.010282776349614267 0.014567266495287062
0 0.6850899742930591 0.2532133676092545 0.012853470437017905 0.016281062553556148
0 0.5739074550128535 0.5912596401028277 0.014138817480719722 0.013710368466152473
