4 0.4542440318302387 0.8620689655172413 0.01989389920424408 0.02829354553492479
4 0.4499336870026525 0.8355437665782494 0.01657824933687003 0.021220159151193626
4 0.4244031830238727 0.8417329796640141 0.018567639257294388 0.019451812555260944
13 0.6548408488063661 0.9018567639257294 0.013925729442970863 0.04067197170645443
0 0.8650530503978779 0.5517241379310345 0.01923076923076934 0.037135278514588844
13 0.6210212201591512 0.4717064544650752 0.027188328912466843 0.032714412024756785
13 0.7175066312997348 0.2723253757736516 0.021220159151193626 0.037135278514588886
4 0.705238726790451 0.246684350132626 0.01525198938992034 0.031830238726790444
4 0.17805039787798407 0.42705570291777184 0.016578249336870066 0.021220159151193626
4 0.39754641909814326 0.07250221043324491 0.025862068965517224 0.022988505747126436
4 0.7072281167108753 0.09372236958443855 0.021883289124668436 0.019451812555260836
6 0.9748010610079576 0.2847038019451813 0.022546419098143245 0.040671971706454466
6 0.8541114058355437 0.26436781609195403 0.03448275862068954 0.017683465959328046
14 0.19827586206896547 0.4641909814323607 0.014588859416445636 0.035366931918656024
14 0.2078912466843501 0.5826702033598585 0.01525198938992041 0.03183023872679037
0 0.16246684350132626 0.6684350132625994 0.022546419098143245 0.01945181255526066
0 0.1256631299734748 0.48187444739168883 0.023209549071618055 0.017683465959328046
0 0.25795755968169765 0.5587975243147657 0.02519893899204245 0.01591511936339529
0 0.17108753315649866 0.8470380194518126 0.023872679045092868 0.026525198938992106
0 0.125 0.7099911582670202 0.019230769230769232 0.02829354553492479
13 0.41777188328912473 0.8996463306808135 0.023872679045092795 0.01326259946949591
0 0.49767904509283817 0.8510167992926614 0.029840848806366012 0.018567639257294388
13 0.5135941644562334 0.8134394341290894 0.021883289124668436 0.030061892130857616
10 0.5013262599469496 0.784261715296198 0.023872679045092868 0.017683465959327974
7 0.4393236074270557 0.7099911582670204 0.025862068965517297 0.017683465959327974
0 0.493368700265252 0.6927497789566754 0.01724137931034491 0.029177718832891344
0 0.4844164456233422 0.5490716180371353 0.020557029177718816 0.024756852343059136
0 0.4399867374005305 0.5335985853227233 0.025862068965517224 0.01503094606542888
13 0.4263925729442971 0.5030946065428824 0.01989389920424408 0.02475685234305921
0 0.36372679045092843 0.5296198054818744 0.02320954907161807 0.028293545534925052
0 0.3236074270557029 0.4040671971706455 0.018567639257294353 0.021220159151193626
0 0.33156498673740054 0.24226348364279396 0.013262599469496053 0.02298850574712642
0 0.4419761273209549 0.20291777188328916 0.020557029177718816 0.03625110521662247
0 0.5590185676392573 0.16003536693191867 0.01724137931034492 0.03536693191865605
0 0.6425729442970822 0.15207780725022105 0.01724137931034477 0.03359858532272325
0 0.7304376657824935 0.16710875331564984 0.01657824933686996 0.028293545534924844
4 0.7211538461538461 0.3983200707338639 0.009946949602122003 0.027409372236958374
0 0.7470159151193636 0.40185676392572944 0.021883289124668436 0.020335985853227215
0 0.6684350132625994 0.4416445623342175 0.023872679045093007 0.029177718832891202
0 0.26823607427055696 0.6927497789566754 0.020557029177718854 0.029177718832891344
0 0.5888594164456233 0.824049513704686 0.023872679045092937 0.0194518125552608
0 0.6074270557029178 0.8297966401414678 0.01856763925729446 0.027409372236958517
0 0.6309681697612732 0.8320070733863838 0.01657824933687003 0.014146772767462465
12 0.6160477453580901 0.7780725022104332 0.022546419098143245 0.022988505747126454
12 0.6007957559681697 0.748894783377542 0.026525198938991964 0.02829354553492493
13 0.6618037135278514 0.5950486295313882 0.010610079575596955 0.02475685234305921
6 0.4996684350132626 0.4420866489832007 0.017904509283819578 0.026525198938992106
6 0.48839522546419095 0.4739168877099912 0.0165782493368701 0.0194518125552608
0 0.5646551724137931 0.28470380194518125 0.028514588859416393 0.02298850574712638
0 0.7669098143236074 0.8050397877984085 0.021883289124668293 0.030946065428824027
0 0.7871352785145888 0.29089301503094606 0.025198938992042345 0.017683465959328012
0 0.5696286472148541 0.7267904509283821 0.019893899204244007 0.026525198938991964
0 0.4685013262599469 0.6180371352785146 0.02984084880636608 0.024756852343059278
0 0.39667229322401737 0.6119831697295854 0.01205690860863271 0.027328992846234287
