0 0.11496679484844208 0.549847424030304 0.024375511333346367 0.03324682638049126
0 0.37485814094543457 0.5017596483230591 0.01716720499098301 0.025455566123127937
0 0.94342041015625 0.41692617535591125 0.026965880766510963 0.02634431980550289
0 0.2686375321336761 0.2056555269922879 0.019280205655527 0.020565552699228783
0 0.1654884318766067 0.4918594687232219 0.013496143958868903 0.020565552699228745
0 0.16034704370179947 0.41131105398457585 0.014781491002570686 0.01713796058269068
0 0.20212082262210798 0.38089117395029987 0.007069408740359897 0.011139674378748979
13 0.15809768637532134 0.36032562125107115 0.023136246786632383 0.028277634961439587
11 0.17352185089974292 0.31662382176521 0.023136246786632383 0.029991431019708657
11 0.23971722365038559 0.2622107969151671 0.021850899742930564 0.01713796058269061
0 0.26638817480719795 0.29091688089117396 0.028920308483290535 0.029991431019708692
0 0.4418380462724935 0.130248500428449 0.013496143958868844 0.01542416452442155
0 0.7448586118251929 0.21165381319622967 0.012853470437017905 0.015424164524421613
0 0.6818766066838046 0.2403598971722365 0.014138817480719865 0.011139674378748942
0 0.6899100257069409 0.19622964867180806 0.00835475578406161 0.015424164524421578
0 0.7339331619537275 0.1932305055698372 0.01799485861182518 0.029991431019708657
0 0.8672879177377892 0.38603256212510717 0.01735218508997434 0.017994858611825107
0 0.8769280205655526 0.3916023993144816 0.01735218508997434 0.00856898029134534
0 0.9142030848329048 0.3628963153384747 0.01863753213367616 0.023136246786632383
0 0.8316195372750643 0.4207369323050557 0.011568123393316228 0.018851756640959748
0 0.8541131105398457 0.4340188517566409 0.012853470437018046 0.017994858611825107
0 0.8017352185089974 0.5368466152527849 0.012210796915167067 0.016281062553556113
0 0.8284061696658097 0.5209940017137961 0.015424164524421684 0.023993144815766813
0 0.8868894601542416 0.6083976006855184 0.019280205655527 0.023993144815766813
0 0.6748071979434448 0.6246786632390746 0.012853470437017905 0.011996572407883549
0 0.7037275064267351 0.7772065124250213 0.014138817480719722 0.029134532990574228
0 0.6953727506426735 0.7472150814053129 0.01799485861182518 0.01713796058269068
0 0.6597043701799485 0.7343616109682948 0.01606683804627238 0.015424164524421542
0 0.5931876606683805 0.8089117395029991 0.012853470437017976 0.010282776349614267
0 0.3872107969151671 0.8419023136246787 0.013496143958868884 0.014567266495287043
0 0.32904884318766064 0.7107969151670952 0.01799485861182518 0.01970865467009432
0 0.2268637532133676 0.6983718937446445 0.011568123393316192 0.01885175664095982
0 0.1918380462724936 0.7210796915167095 0.009640102827763534 0.023136246786632314
0 0.2458226221079692 0.5616966580976864 0.017352185089974305 0.012853470437017905
0 0.25 0.578834618680377 0.010282776349614409 0.012853470437018046
0 0.2750642673521851 0.5946872322193659 0.014138817480719759 0.01713796058269068
0 0.31587403598971725 0.5544130248500428 0.012210796915167101 0.015424164524421542
0 0.30559125964010286 0.5531276778063411 0.008354755784061717 0.016281062553556182
0 0.2634961439588689 0.4944301628106256 0.019280205655527 0.015424164524421542
0 0.22204370179948602 0.4798628963153388 0.018637532133676096 0.02056555269922827
0 0.24357326478149097 0.46529562982005146 0.011568123393316192 0.015424164524421613
0 0.18733933161953728 0.408311910882605 0.016066838046272486 0.031705227077977724
8 0.29659383033419023 0.2827763496143959 0.014781491002570632 0.030848329048843225
0 0.47236503856041123 0.3517566409597258 0.024421593830334203 0.023136246786632314
0 0.5591259640102828 0.2095115681233933 0.012853470437018046 0.01799485861182518
0 0.5536632390745502 0.16452442159383032 0.01735218508997434 0.010282776349614409
14 0.5289203084832904 0.18080548414738642 0.016709511568123434 0.03084832904884319
14 0.7127249357326478 0.20137103684661525 0.014138817480719865 0.022279348757497885
4 0.7169023136246787 0.23564695801199653 0.021208226221079655 0.018851756640959713
4 0.8316195372750643 0.2887746358183376 0.014138817480719865 0.015424164524421613
0 0.8582904884318766 0.31790916880891174 0.012210796915167067 0.025706940874035987
13 0.8615038560411311 0.26649528706083975 0.01735218508997434 0.018851756640959713
0 0.8537917737789203 0.5749785775492716 0.021208226221079655 0.015424164524421542
0 0.8110539845758353 0.6615252784918595 0.012853470437018046 0.010282776349614267
10 0.8383676092544988 0.6448157669237361 0.02763496143958856 0.02656383890317027
0 0.7634961439588689 0.7827763496143959 0.014138817480719865 0.016281062553556182
0 0.8319408740359897 0.7095115681233932 0.01735218508997434 0.010282776349614409
12 0.5067480719794344 0.8221936589545844 0.025064267352185022 0.026563838903170642
0 0.32455012853470433 0.6508140531276778 0.01285347043701801 0.00942587832047991
0 0.301413881748072 0.6426735218508998 0.010282776349614373 0.01713796058269075
4 0.3550771208226221 0.6298200514138818 0.016066838046272524 0.02570694087403602
5 0.528598971722365 0.6495287060839761 0.010925449871465247 0.022279348757497885
0 0.5330976863753213 0.577120822622108 0.00835475578406168 0.012853470437017976
0 0.5523778920308483 0.5758354755784062 0.0096401028277635 0.006855184233076343
0 0.6311053984575835 0.5141388174807199 0.011568123393316157 0.013710368466152473
0 0.5838688946015423 0.5329905741216795 0.02634961439588686 0.01885175664095968
0 0.5604113110539845 0.5295629820051414 0.021850899742930485 0.03084832904884307
13 0.3181233933161954 0.3084832904884319 0.020565552699228745 0.013710368466152544
0 0.3467223650385604 0.23564695801199653 0.01863753213367616 0.03941730934018853
0 0.39749357326478146 0.25621251071122536 0.010925449871465319 0.015424164524421613
0 0.38592544987146526 0.2472150814053128 0.00835475578406168 0.011139674378748908
14 0.37692802056555264 0.414738646101114 0.01992287917737791 0.023993144815766955
0 0.3120179948586118 0.38603256212510717 0.014781491002570703 0.017994858611825107
0 0.44023136246786637 0.30848329048843187 0.010282776349614338 0.01713796058269068
0 0.4283419023136247 0.31276778063410454 0.013496143958868884 0.015424164524421649
0 0.6584190231362467 0.3611825192802056 0.00964010282776357 0.016281062553556182
0 0.657133676092545 0.3821765209940017 0.01735218508997434 0.01713796058269061
5 0.6674164524421593 0.41773778920308485 0.022493573264781474 0.023136246786632383
0 0.6462082262210797 0.6092544987146529 0.021208226221079585 0.022279348757497815
0 0.5578406169665809 0.6152527849185947 0.014138817480719722 0.023993144815766882
0 0.5960796915167096 0.577120822622108 0.02634961439588686 0.02485004284490138
0 0.4415167095115682 0.586975149957155 0.015424164524421613 0.015424164524421613
0 0.4225578406169666 0.7292202227934876 0.013496143958868955 0.010282776349614409
0 0.43926735218508994 0.7566409597257926 0.005784061696658043 0.00856898029134527
