4 0.33592984080314636 0.2620410621166229 0.018795959651470184 0.027735576033592224
8 0.6925325989723206 0.1515973061323166 0.024757996201515198 0.02496197447180748
4 0.79029780626297 0.613211452960968 0.01701928675174713 0.020269246771931648
4 0.9154747128486633 0.46543338894844055 0.02266656421124935 0.0303290206938982
4 0.8757668733596802 0.14586681127548218 0.017942626029253006 0.02395985834300518
4 0.468516081571579 0.5270475149154663 0.013429748825728893 0.026797769591212273
0 0.26599884033203125 0.8606683015823364 0.02040005475282669 0.02412312850356102
4 0.3515476584434509 0.7589267492294312 0.01567349210381508 0.02003287710249424
4 0.4471558928489685 0.8613109588623047 0.018824005499482155 0.01993408240377903
7 0.39022791385650635 0.80061936378479 0.027932770550251007 0.026011882349848747
7 0.8594698309898376 0.7176560759544373 0.02475396730005741 0.037417154759168625
4 0.7900548577308655 0.29828059673309326 0.01941247470676899 0.02024650014936924
4 0.5569829344749451 0.22364497184753418 0.02222100831568241 0.02448895201086998
0 0.8520506024360657 0.40997713804244995 0.019287109375 0.0160518791526556
4 0.9631153345108032 0.4259384870529175 0.019120056182146072 0.01850382424890995
4 0.3550654351711273 0.20679450035095215 0.017883209511637688 0.01795450784265995
4 0.36451172828674316 0.536736249923706 0.015649231150746346 0.02117244526743889
4 0.7743070721626282 0.6905397176742554 0.016026489436626434 0.02593103051185608
4 0.2824523150920868 0.8054606318473816 0.020070618018507957 0.0205894373357296
12 0.8212798833847046 0.11120493710041046 0.017676575109362602 0.026171386241912842
7 0.5894038081169128 0.6339594125747681 0.01724664308130741 0.02329622395336628
4 0.5268213152885437 0.2146199494600296 0.015224182046949863 0.023540059104561806
10 0.43196579813957214 0.8292626738548279 0.01929437182843685 0.028611978515982628
4 0.1339147686958313 0.27825692296028137 0.017632819712162018 0.025737224146723747
4 0.16424135863780975 0.18041954934597015 0.017849136143922806 0.022289153188467026
10 0.7756494879722595 0.7405241131782532 0.01998327672481537 0.02607039362192154
10 0.6599493458828767 0.41559019952935844 0.026978165648667073 0.02149851038898789
0 0.13569973409175873 0.5323595404624939 0.028681380674242973 0.02571244351565838
4 0.6110354661941528 0.38137751817703247 0.014925048686563969 0.02024955302476883
0 0.23276682198047638 0.616461455821991 0.017995163798332214 0.02634277381002903
8 0.28984575835475573 0.7399314481576692 0.0218508997429306 0.01970865467009432
0 0.1818766066838046 0.6336760925449871 0.011568123393316192 0.01628106255355604
0 0.21465295629820053 0.622107969151671 0.01799485861182518 0.022279348757497815
0 0.1629177377892031 0.5758354755784062 0.0109254498714653 0.01713796058269068
12 0.14074550128534705 0.5068551842330763 0.016709511568123395 0.031705227077977724
0 0.20179948586118251 0.13453299057412169 0.020565552699228783 0.018851756640959713
0 0.2512853470437018 0.11439588688946016 0.026992287917737806 0.02656383890317052
11 0.21850899742930593 0.390745501285347 0.019280205655526964 0.023993144815766955
0 0.2904884318766067 0.29648671808054844 0.017994858611825214 0.023993144815766917
12 0.5359897172236504 0.31962296486718084 0.020565552699228745 0.015424164524421578
12 0.2512853470437018 0.4490145672664953 0.024421593830334168 0.023993144815766955
12 0.3807840616966581 0.17994858611825193 0.010925449871465319 0.022279348757497885
0 0.28952442159383035 0.17994858611825193 0.01863753213367609 0.03084832904884319
12 0.10604113110539845 0.1958011996572408 0.016709511568123395 0.016281062553556148
12 0.28116966580976865 0.47086546700942583 0.014781491002570668 0.01799485861182518
4 0.41291773778920315 0.4931448157669237 0.01735218508997427 0.019708654670094247
4 0.3428663239074551 0.808911739502999 0.01735218508997427 0.01713796058269054
0 0.5925449871465296 0.865038560411311 0.015424164524421684 0.012853470437017905
12 0.6744858611825193 0.7215081405312768 0.018637532133676016 0.023993144815766813
0 0.6956940874035991 0.643101970865467 0.016066838046272524 0.014567266495287043
0 0.6407455012853471 0.6495287060839761 0.008997429305912661 0.01713796058269054
0 0.18926735218508997 0.7485004284490145 0.016066838046272524 0.017994858611825038
13 0.21658097686375322 0.7360754070265638 0.014138817480719794 0.029134532990574086
0 0.3264781491002571 0.5287060839760069 0.014138817480719759 0.018851756640959748
0 0.47525706940874035 0.15981148243359042 0.013496143958868884 0.019708654670094302
0 0.4440874035989718 0.19537275064267356 0.015424164524421613 0.017137960582690646
8 0.6208226221079691 0.737789203084833 0.023136246786632383 0.022279348757497815
0 0.7149742930591259 0.8898886032562124 0.018637532133676016 0.01799485861182518
13 0.7236503856041131 0.8320479862896315 0.01799485861182518 0.01885175664095968
12 0.7133676092544988 0.5368466152527849 0.010282776349614409 0.029991431019708584
8 0.7262210796915167 0.5162810625535562 0.028277634961439445 0.02656383890317052
8 0.7146529562982005 0.6015424164524421 0.030848329048843225 0.020565552699228887
5 0.6670951156812339 0.45758354755784064 0.015424164524421542 0.027420736932304946
5 0.7522493573264782 0.5338474721508141 0.016066838046272524 0.03256212510711215
8 0.9469794344473007 0.39674378748928874 0.016066838046272524 0.022279348757497885
0 0.6391388174807198 0.20137103684661525 0.010925449871465247 0.018851756640959748
4 0.39749357326478146 0.25621251071122536 0.013496143958868955 0.02227934875749785
0 0.40745501285347047 0.2986289631533847 0.015424164524421613 0.016281062553556182
0 0.4482647814910025 0.2969151670951157 0.012210796915167068 0.017994858611825145
0 0.32904884318766064 0.3161953727506427 0.012853470437017976 0.010282776349614373
0 0.36793059125964006 0.30377035132819197 0.012210796915167067 0.016281062553556148
0 0.32776349614395883 0.46786632390745503 0.007712082262210842 0.01713796058269068
0 0.19922879177377895 0.4310197086546701 0.010282776349614373 0.015424164524421684
12 0.20340616966580977 0.3701799485861183 0.01863753213367609 0.020565552699228745
4 0.2750642673521851 0.2579263067694944 0.01156812339331619 0.030848329048843187
0 0.2268637532133676 0.26520994001713794 0.016709511568123395 0.02313624678663235
8 0.35829048843187666 0.16709511568123392 0.01735218508997427 0.025706940874036004
8 0.461439588688946 0.32047986289631536 0.012853470437017976 0.018851756640959713
0 0.40681233933161953 0.3714652956298201 0.010282776349614409 0.012853470437018046
12 0.40263496143958866 0.3500428449014567 0.013496143958868884 0.01799485861182518
12 0.5687660668380463 0.3239074550128535 0.026992287917737768 0.020565552699228853
4 0.541452442159383 0.34318766066838036 0.022493573264781547 0.019708654670094247
4 0.5809768637532133 0.46700942587832045 0.015424164524421684 0.022279348757497885
0 0.5273136246786632 0.3958868894601542 0.012210796915167138 0.013710368466152544
0 0.48811053984575836 0.4665809768637532 0.01735218508997427 0.01799485861182518
12 0.4938946015424165 0.48457583547557836 0.027634961439588678 0.01799485861182518
4 0.5604113110539847 0.1508140531276778 0.023136246786632383 0.017137960582690646
0 0.5183161953727506 0.1186803770351328 0.0096401028277635 0.019708654670094264
0 0.532133676092545 0.12596401028277635 0.007712082262210913 0.015424164524421578
0 0.7676735218508998 0.11225364181662383 0.007069408740359932 0.011996572407883458
13 0.826478149100257 0.21122536418166238 0.023136246786632456 0.019708654670094247
0 0.8602185089974292 0.2107969151670951 0.018637532133676016 0.03427592116538133
0 0.9109897172236504 0.20051413881748073 0.00964010282776357 0.013710368466152544
0 0.7345758354755785 0.6795201371036848 0.011568123393316086 0.011996572407883406
0 0.672879177377892 0.7994858611825194 0.019280205655527 0.023993144815766955
4 0.4710796915167095 0.9297343616109682 0.011568123393316228 0.015424164524421542
0 0.3798200514138817 0.646529562982005 0.011568123393316228 0.012853470437018046
0 0.2496786632390746 0.655955441302485 0.01349614395886892 0.014567266495287043
0 0.7053341902313625 0.45844044558697516 0.010925449871465247 0.010282776349614409
8 0.6857326478149101 0.43744644387317905 0.01928020565552714 0.028277634961439587
8 0.6519922879177378 0.35561268209083124 0.016066838046272524 0.018851756640959748
0 0.8766066838046273 0.3903170522707798 0.020565552699228818 0.012853470437018046
13 0.7892030848329048 0.2802056555269923 0.020565552699228676 0.018851756640959748
14 0.8419023136246787 0.28748928877463586 0.02056555269922896 0.01799485861182518
0 0.46786632390745503 0.26692373607540704 0.023136246786632456 0.029991431019708623
8 0.4617609254498714 0.2463581833761782 0.01863753213367609 0.02313624678663235
0 0.6690231362467867 0.2532133676092545 0.021850899742930637 0.01799485861182518
0 0.8287275064267352 0.36975149957155096 0.014781491002570703 0.021422450728363317
13 0.7924164524421594 0.22236503856041132 0.026992287917737768 0.01799485861182518
4 0.7847043701799487 0.18937446443873177 0.021850899742930637 0.015424164524421578
0 0.7673521850899744 0.14610111396743786 0.010282776349614409 0.01628106255355613
4 0.7365038560411311 0.0908311910882605 0.01799485861182518 0.022279348757497867
12 0.7429305912596401 0.07626392459297344 0.015424164524421542 0.02227934875749786
0 0.6924807197943446 0.10454155955441301 0.012210796915167209 0.008568980291345323
0 0.38656812339331625 0.47215081405312764 0.013496143958868884 0.020565552699228818
12 0.3807840616966581 0.7476435304198801 0.023778920308483293 0.023136246786632456
4 0.20083547557840617 0.8033419023136247 0.013496143958868884 0.031705227077977724
0 0.3820694087403599 0.9237360754070266 0.013496143958868884 0.013710368466152402
12 0.32808483290488427 0.8641816623821765 0.00835475578406168 0.01799485861182518
0 0.5302056555269923 0.8877463581833763 0.010282776349614409 0.01713796058269068
0 0.5976863753213368 0.9018851756640959 0.011568123393316157 0.012853470437018046
14 0.709190231362468 0.8406169665809768 0.012210796915167067 0.02570694087403609
14 0.7210796915167096 0.7857754927163668 0.016709511568123503 0.022279348757497815
14 0.5379177377892032 0.5762639245929734 0.011568123393316157 0.026563838903170447
0 0.5520565552699229 0.5792630676949443 0.00899742930591259 0.02742073693230502
12 0.5906169665809768 0.5102827763496144 0.020565552699228745 0.023136246786632456
12 0.30816195372750643 0.45886889460154245 0.02120822622107962 0.01799485861182518
5 0.22236503856041132 0.10796915167095116 0.020565552699228783 0.022279348757497867
4 0.20276349614395886 0.09682947729220225 0.013496143958868884 0.025706940874036004
0 0.6160025706940874 0.061268209083119106 0.016066838046272524 0.023136246786632383
0 0.6815552699228792 0.08354755784061696 0.022493573264781616 0.024850042844901454
0 0.8811053984575835 0.09040274207369324 0.019280205655527 0.023136246786632383
14 0.7512853470437019 0.26820908311910885 0.014138817480719865 0.015424164524421578
4 0.7339331619537275 0.2763496143958869 0.012853470437017905 0.014567266495287043
12 0.4138817480719794 0.6778063410454155 0.012853470437018046 0.022279348757497958
12 0.394280205655527 0.6452442159383034 0.01606683804627245 0.01885175664095968
0 0.6825192802056554 0.6152527849185947 0.011568123393316086 0.013710368466152615
0 0.5896529562982006 0.6023993144815767 0.01863753213367616 0.022279348757497958
0 0.654241645244216 0.7574978577549271 0.011568123393316228 0.010282776349614267
0 0.7718508997429305 0.7913453299057411 0.015424164524421684 0.01970865467009432
0 0.390745501285347 0.38988860325621255 0.015424164524421542 0.025706940874035952
0 0.37339331619537275 0.37103684661525277 0.012853470437018046 0.015424164524421542
12 0.23039845758354757 0.3110539845758355 0.014781491002570668 0.015424164524421578
0 0.2509640102827763 0.286203941730934 0.01349614395886892 0.010282776349614373
0 0.2410025706940874 0.2579263067694944 0.007712082262210771 0.015424164524421578
12 0.6677377892030847 0.5124250214224507 0.01670951156812336 0.020565552699228818
0 0.6670951156812339 0.4798628963153384 0.019280205655527 0.01713796058269068
12 0.7374678663239075 0.4687232219365896 0.01735218508997434 0.015424164524421613
0 0.7448586118251929 0.47814910025706936 0.014138817480719865 0.013710368466152544
12 0.7281491002570694 0.4070265638389031 0.012853470437017905 0.018851756640959748
0 0.3836760925449872 0.408311910882605 0.015424164524421542 0.012853470437017976
0 0.782133676092545 0.3753213367609255 0.01670951156812336 0.013710368466152544
4 0.6208226221079692 0.8431876606683804 0.01670951156812336 0.01713796058269068
0 0.8264781491002572 0.8041988003427591 0.007712082262210771 0.011139674378748908
0 0.26670951156812334 0.5124250214224508 0.016709511568123395 0.010282776349614409
12 0.150706940874036 0.3011996572407883 0.016066838046272486 0.026563838903170486
