8 0.4826478149100257 0.5012853470437019 0.011568123393316157 0.02570694087403602
8 0.5951156812339332 0.3967437874892888 0.020565552699228887 0.02742073693230509
15 0.5729434447300771 0.39888603256212507 0.022493573264781404 0.016281062553556113
0 0.5224935732647815 0.15295629820051412 0.00899742930591259 0.012853470437017976
15 0.7345758354755785 0.46101113967437873 0.014138817480719722 0.025706940874035952
12 0.7782776349614394 0.44473007712082263 0.014138817480719865 0.030848329048843225
12 0.5854755784061696 0.42459297343616115 0.016709511568123434 0.03341902313624679
5 0.21593830334190237 0.519280205655527 0.015424164524421578 0.029134532990574086
13 0.2982005141388175 0.4095972579263068 0.017994858611825145 0.022279348757497885
0 0.7059768637532133 0.7245072836332477 0.013496143958868884 0.028277634961439587
14 0.33997429305912596 0.5591259640102828 0.01670951156812336 0.016281062553556113
0 0.519280205655527 0.3740359897172236 0.01028277634961436 0.023136246786632376
0 0.9450514138817481 0.3620394173093402 0.022493573264781616 0.029991431019708727
14 0.768637532133676 0.3676092544987146 0.012853470437018046 0.015424164524421613
