0 0.6487789203084833 0.5244215938303343 0.010925449871465247 0.013710368466152473
0 0.5109254498714653 0.5642673521850899 0.011568123393316086 0.012853470437018046
5 0.5289203084832905 0.47514995715509856 0.019280205655527 0.016281062553556113
0 0.3129820051413882 0.5304198800342759 0.014138817480719759 0.015424164524421613
0 0.673521850899743 0.6568123393316196 0.010282776349614267 0.01628106255355604
8 0.1838046272493573 0.233076263924593 0.014138817480719794 0.023993144815766917
0 0.20115681233933158 0.17052270779777207 0.011568123393316192 0.018851756640959748
14 0.4501928020565552 0.1289631533847472 0.01735218508997427 0.01628106255355613
0 0.853470437017995 0.5749785775492716 0.012853470437018046 0.015424164524421542
8 0.6529562982005142 0.40745501285347047 0.01799485861182518 0.028277634961439587
8 0.6535989717223651 0.3830334190231362 0.01670951156812336 0.022279348757497885
15 0.7442159383033419 0.17609254498714655 0.012853470437018046 0.02485004284490149
