4 0.12665782493368702 0.5742705570291773 0.01989389920424404 0.02210433244916009
4 0.5185676392572944 0.11140583554376658 0.01856763925729446 0.019451812555260836
4 0.4416445623342175 0.8744473916887711 0.019893899204244007 0.021220159151193768
4 0.4204244031830238 0.8872679045092837 0.021220159151193626 0.022104332449160182
0 0.7340848806366047 0.8691423519009726 0.01591511936339515 0.031830238726790444
0 0.644893899204244 0.8514588859416446 0.021883289124668436 0.021220159151193484
0 0.5142572944297082 0.9407603890362511 0.020557029177718816 0.033598585322723265
4 0.40550397877984085 0.9071618037135277 0.01525198938992041 0.01591511936339529
0 0.411472148541114 0.9195402298850576 0.019230769230769197 0.04067197170645457
0 0.18899204244031828 0.8085764809902741 0.01724137931034484 0.016799292661361563
0 0.2718832891246684 0.808134394341291 0.02387267904509283 0.02298850574712631
13 0.1697612732095491 0.5773651635720601 0.023872679045092868 0.024756852343059278
0 0.1889920424403183 0.5897435897435898 0.027851458885941652 0.02298850574712638
0 0.15086206896551724 0.5039787798408488 0.020557029177718854 0.026525198938992033
0 0.12168435013262599 0.4916003536693192 0.024535809018567657 0.030061892130857543
0 0.12864721485411143 0.33819628647214856 0.013262599469496034 0.029177718832891202
0 0.15152519893899205 0.33244916003536695 0.020557029177718854 0.03536693191865609
0 0.18667108753315653 0.32714412024756856 0.02586206896551726 0.031830238726790444
13 0.1296419098143236 0.21839080459770116 0.024535809018567622 0.012378426171529639
0 0.21551724137931033 0.11184792219274979 0.019893899204244045 0.041556145004420876
0 0.1906498673740053 0.10344827586206896 0.021883289124668436 0.03359858532272325
0 0.3564323607427056 0.12732095490716183 0.025862068965517328 0.04244031830238727
0 0.5507294429708223 0.08576480990274093 0.027188328912466843 0.024756852343059244
0 0.5746021220159151 0.09549071618037136 0.01657824933686996 0.03183023872679046
0 0.8703580901856764 0.18346595932802828 0.024535809018567677 0.027409372236958447
0 0.7957559681697614 0.28691423519009723 0.01326259946949591 0.023872679045092902
0 0.9260610079575596 0.37002652519893897 0.025862068965517297 0.03978779840848801
0 0.8650530503978779 0.5442086648983201 0.01657824933686996 0.029177718832891202
0 0.8362068965517241 0.5229885057471264 0.019893899204244007 0.0309460654288241
0 0.7364058355437666 0.7944297082228116 0.01525198938992034 0.029177718832891202
0 0.59184350132626 0.8015030946065426 0.019230769230769187 0.030946065428824485
0 0.4774535809018567 0.7475685234305923 0.031830238726790624 0.025641025641025487
0 0.3435013262599471 0.5649867374005304 0.026525198938992113 0.028293545534924996
4 0.5026525198938991 0.24801061007957556 0.013262599469496053 0.02387267904509283
0 0.4522546419098143 0.4363395225464191 0.025198938992042414 0.027409372236958447
0 0.21452254641909818 0.3395225464190982 0.02320954907161802 0.02829354553492486
0 0.22513262599469497 0.3642793987621575 0.01790450928381965 0.02829354553492486
0 0.2868037135278515 0.29442970822281167 0.023209549071618055 0.021220159151193664
0 0.3428381962864721 0.8368700265251989 0.025198938992042414 0.029177718832891344
0 0.40251989389920423 0.6542882404951371 0.019893899204244007 0.02829354553492479
0 0.45523872679045096 0.6883289124668434 0.01525198938992041 0.029177718832891202
0 0.4462864721485411 0.7020335985853228 0.011936339522546434 0.031830238726790444
13 0.4953580901856764 0.5702917771883289 0.01724137931034491 0.03536693191865609
0 0.5354774535809018 0.4624226348364279 0.020557029177718816 0.022988505747126454
0 0.5440981432360742 0.44297082228116713 0.023209549071618128 0.024756852343059278
13 0.6309681697612731 0.381078691423519 0.01790450928381965 0.017683465959327974
13 0.6976127320954908 0.36383731211317416 0.026525198938991964 0.016799292661361705
0 0.6783819628647214 0.24756852343059244 0.019893899204243833 0.033598585322723265
0 0.6651193633952255 0.2307692307692308 0.01724137931034491 0.03536693191865606
0 0.6790450928381964 0.19805481874447392 0.029177718832891202 0.033598585322723265
0 0.6349469496021221 0.15384615384615383 0.02851458885941639 0.030061892130857637
0 0.6041114058355437 0.16180371352785147 0.027851458885941652 0.024756852343059226
0 0.23839522546419098 0.400972590627763 0.0218832891246684 0.02210433244916004
0 0.20092838196286472 0.40229885057471265 0.01989389920424408 0.021220159151193626
0 0.26226790450928383 0.341290893015031 0.012599469496021207 0.037135278514588844
0 0.144893899204244 0.11582670203359859 0.020557029177718775 0.04244031830238725
0 0.43766578249336874 0.18213969938107868 0.023872679045092795 0.022988505747126454
13 0.44529177718832896 0.11450044208664899 0.013925729442970792 0.039787798408488034
0 0.42705570291777184 0.09814323607427056 0.021220159151193626 0.02829354553492486
7 0.4300397877984085 0.21043324491600351 0.027188328912466843 0.026525198938992068
2 0.6173740053050398 0.32272325375773653 0.014588859416445672 0.03183023872679048
0 0.7738726790450928 0.2493368700265252 0.022546419098143245 0.02298850574712642
0 0.8663793103448276 0.27276746242263483 0.021883289124668436 0.02033598585322725
0 0.8289124668435014 0.2953138815207779 0.029177718832890786 0.02652519893899175
0 0.8421750663129973 0.2793987621573828 0.021220159151193484 0.03359858532272323
0 0.8000663129973475 0.19186560565870908 0.021883289124668307 0.028293545534924792
0 0.771551724137931 0.1856763925729443 0.019230769230769197 0.026525198938992033
0 0.7201591511936339 0.15826702033598586 0.023872679045092868 0.024756852343059226
0 0.3557692307692308 0.29575596816976124 0.024535809018567677 0.03448275862068968
0 0.40318302387267907 0.480106100795756 0.026525198938992033 0.017683465959328046
0 0.4290450928381963 0.5428824049513704 0.019893899204244007 0.01591511936339515
0 0.3587533156498674 0.6379310344827586 0.011936339522546434 0.02917771883289127
0 0.3431697612732096 0.632183908045977 0.01525198938992034 0.024756852343059278
7 0.27122015915119363 0.671971706454465 0.01724137931034484 0.033598585322723265
0 0.21982758620689655 0.7214854111405836 0.023209549071618055 0.022988505747126596
0 0.21452254641909818 0.7435897435897436 0.02320954907161802 0.02829354553492479
0 0.2407161803713528 0.7272325375773653 0.022546419098143283 0.030946065428824027
0 0.4986737400530504 0.854553492484527 0.021220159151193626 0.02564102564102555
0 0.4704907161803713 0.8152077807250221 0.025862068965517224 0.026525198938992106
11 0.1647877984084881 0.4416445623342175 0.023209549071618055 0.032714412024756785
0 0.35079575596816975 0.19186560565870914 0.022546419098143245 0.03006189213085765
5 0.48043766578249325 0.33996463306808133 0.017904509283819592 0.02740937223695824
0 0.47513262599469497 0.32272325375773653 0.017904509283819578 0.024756852343059278
13 0.5135941644562334 0.1870026525198939 0.023209549071617985 0.036251105216622434
0 0.47679045092838196 0.4005305039787798 0.025198938992042414 0.03713527851458892
0 0.1452254641909815 0.662687886825818 0.017241379310344942 0.0327144120247567
0 0.3746684350132627 0.473474801061008 0.01989389920424408 0.032714412024756855
0 0.3547745358090186 0.4235190097259063 0.022546419098143245 0.035366931918656024
5 0.4403183023872679 0.374447391688771 0.01591511936339529 0.030946065428824027
0 0.5964854111405835 0.2838196286472149 0.02055702917771889 0.024756852343059174
0 0.7718832891246684 0.27453580901856767 0.018567639257294388 0.02210433244916004
0 0.6690981432360743 0.3850574712643679 0.027851458885941583 0.03978779840848809
12 0.48839522546419106 0.46109637488947824 0.02055702917771903 0.030946065428824176
0 0.6104111405835542 0.5853227232537578 0.021883289124668637 0.02298850574712646
0 0.6057692307692308 0.5632183908045977 0.011273209549071623 0.026525198938992106
0 0.7403846153846154 0.6688770999115826 0.024535809018567677 0.029177718832891202
12 0.8040450928381964 0.7343059239610963 0.019230769230769197 0.029177718832891202
12 0.7446949602122014 0.755083996463307 0.01724137931034506 0.022988505747126096
0 0.7858090185676387 0.6153846153846151 0.025198938992042376 0.03536693191865628
