13 0.6534472107887268 0.33645832538604736 0.025767577812075615 0.027436666190624237
0 0.6006500124931335 0.5410993099212646 0.017688049003481865 0.03501318395137787
0 0.7305874228477478 0.19452066719532013 0.019234679639339447 0.031777650117874146
0 0.8651944398880005 0.23892179131507874 0.017523925751447678 0.02676900289952755
0 0.6539080739021301 0.8016671538352966 0.025618957355618477 0.026277262717485428
0 0.7072604894638062 0.49848946928977966 0.023634888231754303 0.030710531398653984
0 0.5539845758354756 0.5479862896315338 0.01799485861182525 0.017994858611825322
0 0.3133033419023136 0.6988003427592117 0.012210796915167138 0.02656383890317059
0 0.2686375321336761 0.24378748928877464 0.01285347043701801 0.02142245072836335
0 0.2365038560411311 0.220222793487575 0.010282776349614409 0.015424164524421578
0 0.11921593830334189 0.30719794344473006 0.017352185089974288 0.019708654670094247
0 0.24003856041131105 0.3693230505569837 0.012210796915167067 0.01885175664095968
13 0.3740359897172237 0.3701799485861183 0.01799485861182518 0.013710368466152544
0 0.4482647814910025 0.37103684661525277 0.01735218508997427 0.020565552699228745
14 0.6002570694087404 0.30634104541559554 0.01799485861182525 0.014567266495287043
0 0.6282133676092545 0.3110539845758355 0.012210796915166995 0.020565552699228818
0 0.6616323907455012 0.2797772065124248 0.013496143958868879 0.017994858611824923
14 0.5989717223650386 0.2699228791773779 0.012853470437017976 0.010282776349614373
0 0.7705655526992288 0.22964867180805484 0.011568123393316228 0.022279348757497885
0 0.8071979434447302 0.21251071122536416 0.021850899742930873 0.03427592116538119
0 0.862789203084833 0.26049700085689803 0.00964010282776357 0.011996572407883406
0 0.8994215938303342 0.3149100257069409 0.01478149100257056 0.017994858611825145
0 0.916452442159383 0.3800342759211654 0.01799485861182518 0.012853470437017976
0 0.8451156812339332 0.3791773778920308 0.012853470437018046 0.01799485861182525
0 0.8357969151670952 0.37617823479005996 0.010925449871465247 0.013710368466152544
0 0.8451156812339332 0.4310197086546701 0.019280205655526857 0.030848329048843225
0 0.8274421593830334 0.4087403598971723 0.00706940874035979 0.011996572407883477
5 0.6780205655526993 0.6958011996572409 0.01670951156812336 0.03598971722365036
0 0.2837403598971722 0.45844044558697516 0.014781491002570703 0.020565552699228745
0 0.1776992287917738 0.5012853470437019 0.010925449871465282 0.015424164524421684
0 0.30559125964010286 0.43059125964010275 0.014781491002570703 0.014567266495287114
0 0.265745501285347 0.39374464438731793 0.013496143958868884 0.012853470437017976
0 0.4820051413881748 0.4310197086546701 0.01799485861182518 0.015424164524421684
0 0.5228149100257069 0.4502999143101971 0.014781491002570632 0.014567266495287114
0 0.6526349614395887 0.4365895458440445 0.00964010282776357 0.016281062553556182
0 0.6047557840616967 0.37275064267352187 0.00899742930591259 0.013710368466152544
13 0.6182519280205656 0.3530419880034276 0.015424164524421684 0.03427592116538129
0 0.6899100257069409 0.3239074550128535 0.01478149100257056 0.022279348757497885
0 0.7069408740359897 0.34747215081405314 0.015424164524421542 0.01799485861182525
0 0.47429305912596403 0.567694944301628 0.023136246786632383 0.03341902313624679
0 0.45437017994858614 0.643101970865467 0.01670951156812336 0.012853470437017976
0 0.44248071979434445 0.6375321336760925 0.010925449871465319 0.013710368466152402
0 0.36246786632390743 0.6255355612682091 0.010282776349614409 0.00856898029134534
0 0.2834190231362468 0.694515852613539 0.016709511568123395 0.012853470437017905
12 0.2789203084832905 0.7485004284490145 0.015424164524421578 0.021422450728363317
0 0.2869537275064267 0.3444730077120823 0.016066838046272524 0.013710368466152544
0 0.28149100257069404 0.3774635818337617 0.0051413881748072045 0.016281062553556113
12 0.2850257069408741 0.3226221079691517 0.009640102827763487 0.009425878320479874
12 0.21625964010282778 0.25192802056555275 0.02249357326478151 0.025706940874035987
0 0.08419023136246788 0.40102827763496146 0.014138817480719802 0.01713796058269068
11 0.11760925449871465 0.38860325621251074 0.015424164524421578 0.02656383890317059
0 0.1687017994858612 0.39502999143101974 0.010925449871465282 0.015424164524421613
0 0.18733933161953728 0.39888603256212507 0.008354755784061717 0.019708654670094247
0 0.21336760925449874 0.4070265638389031 0.010282776349614373 0.02570694087403602
0 0.2622107969151671 0.20179948586118251 0.025706940874035987 0.031705227077977724
0 0.47268637532133684 0.21251071122536416 0.01606683804627245 0.017137960582690646
0 0.6275706940874035 0.168808911739503 0.013496143958868884 0.03256212510711224
0 0.6552056555269923 0.15595544130248498 0.019922879177377683 0.023993144815766917
0 0.5054627249357326 0.33333333333333337 0.012210796915167067 0.015424164524421542
14 0.38817480719794345 0.4361610968294773 0.015424164524421613 0.032562125107112226
0 0.4129177377892031 0.49228791773778924 0.012210796915167067 0.021422450728363317
6 0.40488431876606684 0.47686375321336755 0.015424164524421613 0.023136246786632383
0 0.644280205655527 0.5218508997429305 0.008354755784061751 0.011996572407883549
13 0.868573264781491 0.4717223650385604 0.02634961439588693 0.01799485861182518
0 0.3454370179948586 0.512853470437018 0.012210796915167138 0.019708654670094247
0 0.3386889460154242 0.448586118251928 0.008997429305912519 0.01799485861182518
