14 0.5565552699228792 0.5218508997429305 0.008997429305912519 0.022279348757497815
8 0.4090616966580977 0.7977720651242501 0.01735218508997434 0.01885175664095968
0 0.1780205655526992 0.622107969151671 0.014138817480719794 0.020565552699228745
8 0.14588688946015424 0.5077120822622109 0.0231362467866324 0.031705227077977724
9 0.47686375321336755 0.24164524421593833 0.015424164524421542 0.023993144815766955
0 0.7455012853470437 0.20051413881748067 0.015424164524421542 0.017137960582690646
0 0.8309768637532133 0.16709511568123392 0.014138817480719722 0.017137960582690664
0 0.45404884318766064 0.5252784918594687 0.013496143958868884 0.01542416452442147
11 0.42962724935732655 0.5167095115681235 0.01735218508997427 0.018851756640959748
8 0.5947943444730077 0.7412167952013711 0.01863753213367609 0.020565552699228818
