4 0.1319643259048462 0.3791171610355377 0.024669723585247993 0.03188256919384003
4 0.9698047041893005 0.42705896496772766 0.018367188051342964 0.020728271454572678
7 0.6370494365692139 0.2863035500049591 0.02473638951778412 0.02662632241845131
8 0.6971675753593445 0.17052151262760162 0.019419310614466667 0.029445698484778404
0 0.5771840214729309 0.42444124817848206 0.019730346277356148 0.024921182543039322
4 0.6705330014228821 0.2725217342376709 0.01591833494603634 0.02255033329129219
4 0.44831886887550354 0.6299015879631042 0.015068725682795048 0.01631534844636917
7 0.2899051606655121 0.18702425062656403 0.02054653875529766 0.02616896480321884
8 0.4803612530231476 0.467343270778656 0.022390959784388542 0.0257259514182806
4 0.7380204200744629 0.2942921817302704 0.016492431983351707 0.02322998084127903
8 0.6237927079200745 0.5984339714050293 0.02360345423221588 0.024149291217327118
8 0.5068098902702332 0.5040022134780884 0.021767394617199898 0.031374674290418625
12 0.5051270723342896 0.07978249341249466 0.020657531917095184 0.020738158375024796
12 0.559640591739076 0.5723779364437146 0.015712890774011612 0.024636108428239822
4 0.24632154405117035 0.7925299406051636 0.023934662342071533 0.020326904952526093
11 0.4249791204929352 0.6567597389221191 0.02113037183880806 0.02878393605351448
10 0.8102060556411743 0.5360523462295532 0.020685242488980293 0.02307279407978058
4 0.2517516314983368 0.3656840920448303 0.015850448980927467 0.02636043354868889
12 0.5513026714324951 0.29479989409446716 0.013545776717364788 0.028089843690395355
12 0.5783053636550903 0.7664456367492676 0.022730467841029167 0.026007242500782013
7 0.8011918663978577 0.40459147095680237 0.01738165318965912 0.02556774951517582
0 0.2189401239156723 0.1121010109782219 0.021162979304790497 0.023790232837200165
4 0.8199605941772461 0.6950509548187256 0.015570251271128654 0.014472737908363342
4 0.5555240511894226 0.3760899305343628 0.01178894005715847 0.02077038586139679
7 0.625561535358429 0.23252184689044952 0.018291687592864037 0.02131538838148117
0 0.11442961543798447 0.47101110219955444 0.022133590653538704 0.02479882724583149
4 0.23323208093643188 0.23692667484283447 0.020138686522841454 0.025216858834028244
7 0.7742773294448853 0.5710803866386414 0.024516785517334938 0.024587402120232582
14 0.3458940088748932 0.20095278322696686 0.017917847260832787 0.019926350563764572
4 0.07029038667678833 0.4139569103717804 0.02435537427663803 0.019088134169578552
7 0.24098458886146545 0.30163830518722534 0.022420166060328484 0.02524745650589466
0 0.4138181805610657 0.3875311613082886 0.019459716975688934 0.0319063737988472
7 0.30016404122190793 0.2770598232746124 0.01744891330599785 0.02813834697008133
4 0.46401028277634965 0.7592116538131962 0.015424164524421613 0.023993144815766813
0 0.493573264781491 0.7592116538131964 0.015424164524421542 0.01885175664095968
0 0.5157455012853471 0.765209940017138 0.013496143958868884 0.01713796058269068
11 0.14267352185089976 0.5355612682090831 0.0205655526992288 0.01713796058269068
0 0.07744215938303343 0.2853470437017994 0.018637532133676128 0.022279348757497895
12 0.32455012853470433 0.13624678663239073 0.024421593830334237 0.011996572407883458
0 0.1680591259640103 0.21336760925449874 0.009640102827763463 0.02227934875749785
0 0.16002570694087404 0.1915167095115681 0.011568123393316209 0.011139674378748942
0 0.3717866323907455 0.19494430162810622 0.0096401028277635 0.019708654670094285
0 0.46465295629820047 0.09940017137960583 0.011568123393316228 0.025706940874035987
0 0.5623393316195373 0.13024850042844904 0.016709511568123434 0.022279348757497867
0 0.7911311053984577 0.09640102827763496 0.01670951156812336 0.021422450728363317
0 0.8496143958868895 0.13496143958868895 0.02570694087403609 0.019708654670094247
12 0.8129820051413881 0.11225364181662383 0.016709511568123503 0.02227934875749785
13 0.9524421593830334 0.31748071979434445 0.01799485861182518 0.02656383890317052
0 0.7573907455012855 0.6756640959725793 0.016066838046272524 0.011139674378748908
12 0.7371465295629821 0.6448157669237361 0.01670951156812336 0.01799485861182518
0 0.7165809768637533 0.6769494430162811 0.008997429305912448 0.010282776349614409
0 0.7606041131105399 0.8217652099400172 0.00706940874035979 0.022279348757497815
9 0.8502570694087405 0.7630676949443017 0.01670951156812336 0.026563838903170447
0 0.7953084832904884 0.7523564695801199 0.00964010282776357 0.013710368466152544
0 0.6918380462724935 0.7549271636675234 0.016066838046272524 0.022279348757497958
12 0.3219794344473008 0.8209083119108825 0.011568123393316228 0.013710368466152544
12 0.3267994858611825 0.7964867180805484 0.018637532133676124 0.03341902313624687
0 0.30430591259640133 0.7352185089974291 0.010925449871465527 0.01542416452442146
12 0.25128534704370176 0.696229648671808 0.014138817480719794 0.01628106255355604
0 0.2679948586118252 0.7514995715509855 0.00899742930591259 0.015424164524421684
4 0.21272493573264784 0.7729220222793488 0.014138817480719794 0.02742073693230509
0 0.23457583547557842 0.7660668380462724 0.014138817480719794 0.030848329048843225
0 0.19151670951156813 0.6649528706083976 0.010282776349614409 0.005141388174807276
0 0.4534061696658098 0.6975149957155099 0.007069408740359861 0.010282776349614409
0 0.4987146529562982 0.7197943444730077 0.010282776349614409 0.00856898029134527
0 0.573586118251928 0.68808911739503 0.012210796915167138 0.006855184233076131
10 0.5806555269922878 0.662382176520994 0.014781491002570703 0.023993144815766955
0 0.5729434447300771 0.604541559554413 0.025064267352185112 0.023136246786632314
0 0.5989717223650386 0.5788346186803771 0.020565552699228745 0.014567266495287043
12 0.49807197943444736 0.5492716366752356 0.014138817480719865 0.029134532990574086
12 0.30526992287917737 0.5934018851756641 0.024421593830334168 0.021422450728363386
12 0.1966580976863753 0.6233933161953727 0.023136246786632418 0.02656383890317059
0 0.25867609254498714 0.5801199657240789 0.013496143958868884 0.029134532990574086
12 0.3695372750642673 0.5154241645244215 0.014138817480719794 0.023136246786632383
12 0.34575835475578404 0.49785775492716366 0.012853470437017976 0.03427592116538136
0 0.24582262210796912 0.5317052270779777 0.016066838046272486 0.00942587832047991
13 0.2410025706940874 0.5004284490145673 0.024421593830334203 0.013710368466152615
0 0.2667095115681234 0.4820051413881748 0.011568123393316157 0.00942587832047991
4 0.3505784061696658 0.3183376178234791 0.025064267352185112 0.01456726649528708
0 0.2972365038560411 0.30719794344473006 0.012210796915167067 0.023136246786632383
0 0.384318766066838 0.23436161096829478 0.015424164524421613 0.016281062553556113
12 0.4125964010282777 0.205655526992288 0.011568123393316341 0.03256212510711207
13 0.5931876606683805 0.18080548414738642 0.021850899742930564 0.023993144815766917
12 0.5697300771208227 0.17866323907455012 0.013496143958868884 0.019708654670094285
5 0.5915809768637533 0.38089117395029987 0.0096401028277635 0.01799485861182518
0 0.15102827763496143 0.16538131962296487 0.011568123393316209 0.011996572407883477
5 0.5514138817480719 0.3226221079691517 0.01670951156812336 0.031705227077977655
