8 0.4153197109699249 0.7914692163467407 0.016005706042051315 0.021731851622462273
0 0.6413881748071979 0.5338474721508141 0.012853470437017976 0.01542416452442147
0 0.1539203084832905 0.6272493573264781 0.013496143958868884 0.020565552699228745
0 0.4762210796915167 0.22750642673521854 0.011568123393316228 0.01456726649528708
0 0.3891388174807197 0.181662382176521 0.013496143958868953 0.015424164524421578
14 0.6590616966580977 0.49785775492716366 0.021208226221079655 0.029134532990574086
0 0.8309768637532133 0.1640959725792631 0.01670951156812336 0.019708654670094264
0 0.42705655526992287 0.4717223650385604 0.012210796915167067 0.014567266495287043
0 0.7461439588688945 0.3958868894601542 0.00899742930591259 0.013710368466152544
0 0.6510282776349615 0.7133676092544987 0.021850899742930637 0.024850042844901454
