8 0.5775911808013916 0.18118546903133392 0.01655670255422592 0.020121704787015915
14 0.4460154241645244 0.6353898886032563 0.020565552699228818 0.01970865467009432
8 0.3248714652956298 0.29648671808054844 0.021208226221079693 0.018851756640959713
14 0.3441516709511568 0.2866323907455013 0.01606683804627245 0.024850042844901415
0 0.20276349614395892 0.1979434447300771 0.010925449871465282 0.022279348757497815
0 0.3116966580976864 0.0985432733504713 0.008997429305912625 0.015424164524421595
0 0.3717866323907455 0.06855184233076264 0.010925449871465319 0.018851756640959724
0 0.6854113110539845 0.6315338474721508 0.014781491002570845 0.011996572407883406
14 0.5764781491002571 0.7167952013710368 0.014138817480719722 0.02656383890317059
0 0.6166452442159384 0.7892030848329048 0.01092544987146539 0.015424164524421542
