0 0.8174843192100525 0.7502124309539795 0.024266356602311134 0.0247857253998518
0 0.624130368232727 0.5464829206466675 0.01878240890800953 0.02381807379424572
0 0.3951515257358551 0.7209094166755676 0.016202880069613457 0.019762858748435974
0 0.5132258534431458 0.567798912525177 0.016648955643177032 0.024352580308914185
0 0.286492258310318 0.4287169873714447 0.027640076354146004 0.03176090493798256
0 0.3839974293059126 0.20437017994858614 0.01735218508997434 0.026563838903170486
6 0.41034704370179953 0.1469580119965724 0.022493573264781547 0.02142245072836335
0 0.47204370179948585 0.07197943444730075 0.019922879177377843 0.023993144815766976
0 0.3949228791773779 0.40317052270779785 0.013496143958868884 0.023136246786632383
0 0.33161953727506427 0.4888603256212511 0.020565552699228745 0.023136246786632456
0 0.5453084832904884 0.7035132819194516 0.016066838046272524 0.022279348757497815
0 0.2702442159383033 0.7305055698371895 0.017352185089974284 0.02999143101970879
4 0.3695372750642673 0.7519280205655526 0.011568123393316157 0.021422450728363174
4 0.38206940874035994 0.6516709511568124 0.01863753213367609 0.023136246786632456
13 0.3219794344473008 0.5347043701799487 0.026992287917737806 0.02742073693230509
12 0.39942159383033415 0.5642673521850899 0.01606683804627245 0.03341902313624672
0 0.720758354755784 0.3963153384747215 0.01863753213367616 0.024850042844901454
0 0.8116966580976864 0.3590402742073693 0.024421593830334275 0.03941730934018849
0 0.8316195372750643 0.36546700942587834 0.015424164524421542 0.03341902313624679
0 0.7573907455012854 0.5227077977720651 0.014781491002570703 0.03427592116538136
13 0.8296915167095116 0.5227077977720651 0.019280205655527 0.015424164524421542
0 0.8634318766066837 0.5351328191945158 0.025064267352185112 0.03341902313624679
0 0.8351542416452443 0.5407026563838904 0.022493573264781474 0.023993144815766955
0 0.8676092544987146 0.4473007712082262 0.02570694087403609 0.030848329048843225
0 0.8570051413881751 0.5964010282776351 0.026349614395887126 0.025706940874036358
0 0.5591259640102827 0.3723221936589546 0.01799485861182518 0.03341902313624679
0 0.5973650385604113 0.3449014567266495 0.01735218508997427 0.019708654670094247
0 0.39170951156812334 0.26649528706083975 0.01735218508997427 0.022279348757497885
0 0.5854755784061697 0.15809768637532134 0.01928020565552707 0.019708654670094247
0 0.49839331619537275 0.08526135389888603 0.019922879177377978 0.021422450728363317
0 0.5330976863753213 0.07712082262210797 0.023778920308483293 0.0205655526992288
0 0.5523778920308484 0.0754070265638389 0.013496143958868884 0.015424164524421595
4 0.21047557840616968 0.31876606683804626 0.01992287917737791 0.01713796058269068
0 0.12596401028277635 0.14610111396743788 0.015424164524421578 0.014567266495287062
5 0.26831619537275064 0.5848329048843187 0.01992287917737791 0.02827763496143966
12 0.43573264781491006 0.6199657240788347 0.023136246786632383 0.02827763496143966
12 0.43316195372750643 0.6966580976863753 0.020565552699228745 0.03598971722365036
6 0.5568766066838048 0.7977720651242501 0.0096401028277635 0.032562125107112226
6 0.4752570694087403 0.8033419023136247 0.023778920308483224 0.021422450728363317
6 0.4643316195372751 0.7339331619537275 0.025064267352185112 0.019708654670094177
4 0.6137532133676094 0.6645244215938304 0.016709511568123434 0.01799485861182518
0 0.6587403598971722 0.6071122536418166 0.011568123393316086 0.01628106255355604
4 0.8277634961439588 0.4798628963153385 0.02570694087403609 0.020565552699228745
0 0.6937660668380462 0.30077120822622105 0.021208226221079655 0.018851756640959713
0 0.7708868894601543 0.20137103684661525 0.012210796915167067 0.015424164524421578
0 0.7487146529562981 0.23050556983718937 0.03470437017994868 0.02570694087403602
0 0.7249357326478149 0.17437874892887748 0.015424164524421542 0.011139674378748942
0 0.3052699228791774 0.39931448157669236 0.011568123393316192 0.018851756640959748
0 0.5388817480719794 0.3740359897172237 0.010925449871465247 0.016281062553556182
