4 0.13431876606683804 0.5514138817480719 0.015424164524421578 0.01970865467009432
4 0.28952442159383035 0.532133676092545 0.014781491002570703 0.023993144815766955
4 0.13046272493573263 0.6401028277634963 0.012853470437017987 0.02570694087403585
10 0.21015424164524416 0.39931448157669236 0.028277634961439514 0.027420736932304967
4 0.13271208226221082 0.7973436161096831 0.017352185089974305 0.02656383890317059
12 0.3412596401028277 0.2047986289631534 0.030848329048843156 0.025706940874035987
0 0.16966580976863754 0.1443873179091688 0.024421593830334185 0.028277634961439587
0 0.23939588688946017 0.2472150814053128 0.023778920308483293 0.028277634961439587
0 0.04177377892030848 0.45458440445586973 0.030848329048843187 0.03684661525278493
0 0.055269922879177376 0.6311053984575835 0.0308483290488432 0.02827763496143966
0 0.12146529562982003 0.6876606683804627 0.01928020565552698 0.031705227077977724
0 0.10411311053984576 0.5068551842330763 0.0231362467866324 0.031705227077977724
0 0.17287917737789202 0.22793487574978577 0.024421593830334168 0.03256212510711226
0 0.3653598971722365 0.15938303341902313 0.023778920308483293 0.023993144815766934
0 0.2644601542416452 0.6649528706083976 0.02249357326478144 0.027420736932304946
0 0.24357326478149097 0.6700942587832048 0.024421593830334168 0.027420736932304946
0 0.1973007712082262 0.7052270779777206 0.024421593830334203 0.022279348757497958
12 0.16966580976863754 0.8050556983718937 0.020565552699228818 0.029991431019708727
0 0.18958868894601544 0.7296486718080548 0.019280205655527 0.024850042844901454
0 0.20469151670951155 0.6328191945158526 0.021208226221079655 0.023136246786632314
0 0.20404884318766064 0.546700942587832 0.017352185089974305 0.023993144815766955
0 0.24228791773778918 0.62853470437018 0.023136246786632383 0.024850042844901596
0 0.14588688946015427 0.4734361610968291 0.03084832904884314 0.03170522707797772
0 0.07647814910025709 0.3487574978577549 0.014138817480719802 0.030848329048843225
0 0.20919023136246787 0.2819194515852613 0.02377892030848326 0.022279348757497885
0 0.2062982005141388 0.30162810625535563 0.02956298200514137 0.018851756640959748
0 0.20437017994858614 0.20736932305055697 0.024421593830334168 0.02570694087403602
0 0.20726221079691518 0.17566409597257923 0.021208226221079655 0.027420736932305054
0 0.18219794344473 0.17609254498714652 0.02120822622107976 0.024850042844901447
0 0.3499357326478149 0.1293916023993145 0.023778920308483293 0.029134532990574124
0 0.40649100257069404 0.16066838046272494 0.021208226221079655 0.024850042844901454
0 0.4315552699228792 0.200942587832048 0.023778920308483293 0.028277634961439587
0 0.3852827763496144 0.22750642673521854 0.023778920308483293 0.024850042844901415
0 0.4116323907455013 0.35347043701799485 0.023778920308483293 0.023136246786632456
0 0.2834190231362468 0.3577549271636676 0.014138817480719759 0.03341902313624679
12 0.2525706940874036 0.4353041988003427 0.026992287917737806 0.02913453299057416
13 0.3312982005141389 0.4665809768637532 0.010925449871465319 0.028277634961439587
0 0.211439588688946 0.5205655526992288 0.024421593830334203 0.024850042844901454
13 0.31780205655526994 0.5895458440445587 0.010925449871465282 0.02570694087403602
13 0.336439588688946 0.5946872322193659 0.021208226221079655 0.011996572407883406
0 0.28888174807197947 0.4657240788346187 0.01735218508997434 0.021422450728363317
0 0.30462724935732644 0.5646958011996572 0.015424164524421578 0.02570694087403602
0 0.2679948586118252 0.5672664952870609 0.011568123393316228 0.022279348757497958
0 0.2853470437017995 0.5741216795201372 0.014138817480719759 0.022279348757497815
12 0.2647814910025707 0.6375321336760926 0.014138817480719794 0.022279348757497885
12 0.23425449871465298 0.8316195372750641 0.016066838046272486 0.029991431019708584
12 0.3447943444730078 0.8084832904884318 0.023778920308483224 0.016281062553556182
0 0.25128534704370176 0.7536418166238218 0.01799485861182518 0.024850042844901454
0 0.34511568123393316 0.7694944301628105 0.026992287917737768 0.01885175664095982
0 0.36086118251928023 0.726649528706084 0.028920308483290427 0.0359897172236505
0 0.32005141388174807 0.7060839760068552 0.017994858611825145 0.03770351328191936
0 0.3692159383033419 0.6550985432733505 0.014781491002570703 0.029991431019708727
13 0.31233933161953725 0.636675235646958 0.023136246786632383 0.037703513281919496
13 0.3788560411311054 0.45844044558697516 0.034061696658097704 0.020565552699228745
0 0.2927377892030848 0.26692373607540704 0.021208226221079693 0.024850042844901415
0 0.30205655526992287 0.29734361610968296 0.015424164524421578 0.01713796058269068
13 0.32776349614395883 0.3106255355612682 0.015424164524421613 0.023136246786632383
13 0.3312982005141388 0.34147386461011137 0.016066838046272524 0.024850042844901523
0 0.2830976863753213 0.12810625535561268 0.025064267352185077 0.02999143101970864
0 0.4093830334190231 0.0895458440445587 0.016709511568123434 0.028277634961439587
13 0.5032133676092545 0.1932305055698372 0.01670951156812336 0.029991431019708657
13 0.5125321336760925 0.20522707797772066 0.010925449871465319 0.028277634961439587
0 0.5578406169665809 0.15081405312767784 0.023136246786632356 0.02570694087403598
0 0.46883033419023135 0.10582690659811482 0.01992287917737791 0.028277634961439587
0 0.5057840616966581 0.26306769494430166 0.016709511568123434 0.035989717223650394
0 0.5751928020565553 0.2767780634104542 0.026992287917737768 0.03256212510711226
0 0.47943444730077117 0.27420736932305056 0.019280205655526926 0.02570694087403602
0 0.4569408740359897 0.2729220222793487 0.026992287917737768 0.01285347043701801
0 0.4132390745501286 0.29134532990574125 0.020565552699228745 0.020565552699228818
13 0.4987146529562982 0.3508997429305913 0.015424164524421613 0.03684661525278493
13 0.5016066838046273 0.3144815766923736 0.013496143958868955 0.015424164524421542
0 0.5176735218508998 0.30462724935732644 0.023778920308483293 0.026563838903170555
0 0.46529562982005146 0.4507283633247644 0.024421593830334203 0.023993144815766882
7 0.44730077120822626 0.4241645244215938 0.019280205655526926 0.02913453299057416
13 0.4704370179948586 0.4910025706940874 0.007712082262210842 0.025706940874035952
0 0.4508354755784062 0.5167095115681234 0.02763496143958875 0.023993144815766882
0 0.4232005141388175 0.5629820051413882 0.022493573264781474 0.030848329048843225
0 0.4582262210796915 0.8200514138817481 0.01670951156812336 0.022279348757497815
12 0.47525706940874035 0.7682090831191088 0.018637532133676016 0.019708654670094177
0 0.5205655526992288 0.7964867180805484 0.019280205655527 0.02827763496143973
12 0.5318123393316195 0.7497857754927163 0.008354755784061751 0.022279348757497815
0 0.47365038560411304 0.658954584404456 0.020565552699228745 0.030848329048843225
0 0.5380351102755472 0.4603468444313441 0.017957236206724205 0.02447504786694182
0 0.5707571851411323 0.668118718171361 0.029928727011206035 0.028199511672780772
0 0.6054745084741313 0.6048028334720985 0.014764838658861664 0.030327776704688888
0 0.5831277256390974 0.7040331905848083 0.01636103743279257 0.02766744541480378
0 0.591906818895718 0.373886077510082 0.01875533559368904 0.027135379156826785
0 0.6200398222862517 0.3951687278291618 0.01915438528717182 0.02607124664087273
0 0.6244293689145618 0.10002845649967534 0.019952484674137308 0.03298810799457378
0 0.6334079870179237 0.15855574487714497 0.028332528237275126 0.024475047866941838
0 0.6379970584929753 0.20085501238631617 0.01755818651324091 0.03352017425255077
0 0.5996882879186315 0.19393815103261525 0.023144882221999338 0.028199511672780807
12 0.6206383968264757 0.1875533559368913 0.016361037432792644 0.029263644188734828
0 0.6503675989909403 0.3367979412994388 0.014365788965378955 0.025539180382895807
13 0.7172084226493005 0.35196182965178324 0.013966739271896244 0.028199511672780845
0 0.7672891591813854 0.21974336454449955 0.01835628590020633 0.02447504786694186
0 0.7597072150052131 0.2003229461283392 0.02234678283503385 0.030327776704688815
0 0.7920302401773156 0.3250924836239449 0.012769590191447975 0.018090252771217907
12 0.7832511469206953 0.40490242232049434 0.014365788965378955 0.025539180382895807
0 0.6878782701783186 0.47353896959952685 0.015961987739309933 0.023410915350987837
0 0.6495694996039749 0.46662210824582595 0.014365788965378955 0.02234678283503385
0 0.6804958508488878 0.545101881297433 0.015562938045827082 0.030327776704688746
0 0.9475628915175562 0.30174148392867184 0.02110676064702133 0.02770262334921547
0 0.8885299203329186 0.49060301930149836 0.025064278268337858 0.0246245540881916
0 0.8349385358775909 0.496539295733473 0.016159863620375744 0.0224259331874601
13 0.8384013637962429 0.32702562428708276 0.023085519457679594 0.0246245540881916
0 0.8273532937700675 0.2368821673570958 0.018138622431033865 0.023745105727899018
0 0.8407099157420107 0.2098391302780997 0.023085519457679594 0.024184829908045345
0 0.9046897839532942 0.29756410421728213 0.02110676064702133 0.01670951884555855
0 0.9506959263010983 0.5222631602720302 0.015500277350156324 0.03166014097053193
0 0.9295891656540772 0.5086317106874957 0.02011738124169213 0.0263834508087767
0 0.8041028777448331 0.6033922715090185 0.02638345080877656 0.02770262334921547
0 0.8151509477710083 0.5367740582168572 0.015500277350156242 0.0360573827719951
0 0.7709586676663074 0.5132488145790316 0.01747903616081473 0.02506427826833779
0 0.8011347395288456 0.6480242757938658 0.025064278268338 0.02198620900731399
0 0.8542314342815086 0.6552797247662794 0.02110676064702133 0.023305381547752687
0 0.9063387496288426 0.6249387563361861 0.023745105727898876 0.01978758810658256
0 0.8849021958467117 0.6157045485531143 0.022425933187460032 0.023305381547752618
0 0.8420290882824495 0.5886615114741183 0.016489656755485242 0.026383450808776843
0 0.8229010864460864 0.6761666233232275 0.01978758810658249 0.028142347529361872
0 0.6266741710558099 0.6179031694538457 0.02440469199811858 0.020667036466875077
0 0.6058972035438982 0.6996918669610533 0.02044717437680177 0.025943726628630374
0 0.639865896460198 0.6803440030346168 0.011212966593730146 0.024184829908045328
0 0.714893834697657 0.7049685571228088 0.01945779497147285 0.032099865150678114
