0 0.22493573264781488 0.6413881748071979 0.01285347043701801 0.011139674378748908
14 0.2384318766066838 0.3714652956298201 0.02185089974293056 0.02656383890317051
14 0.5449871465295629 0.5565552699228792 0.023136246786632383 0.023136246786632383
0 0.3615038560411311 0.30205655526992287 0.0096401028277635 0.01456726649528708
14 0.6892673521850899 0.16538131962296487 0.021208226221079655 0.01885175664095973
0 0.6719151670951158 0.40531276778063413 0.00964010282776357 0.018851756640959748
0 0.6224293059125964 0.4185946872322194 0.010925449871465247 0.01799485861182518
0 0.7847043701799487 0.44301628106255353 0.007712082262210771 0.011996572407883477
0 0.772814910025707 0.4708654670094259 0.010925449871465247 0.012853470437017976
0 0.7017994858611826 0.7562125107112254 0.014138817480719865 0.014567266495287043
