0 0.9608530402183533 0.3898402452468872 0.018258728086948395 0.019715575501322746
0 0.5773299336433411 0.7019059062004089 0.016436157748103142 0.023088134825229645
0 0.9836260080337524 0.6369397640228271 0.02201501466333866 0.020824503153562546
0 0.20983290488431877 0.6293916023993144 0.023778920308483293 0.029991431019708657
13 0.17062982005141386 0.6499571550985432 0.021208226221079693 0.021422450728363386
0 0.5758354755784062 0.7236503856041131 0.017994858611825107 0.01799485861182518
0 0.5649100257069409 0.741216795201371 0.008997429305912661 0.032562125107112226
0 0.5504498714652957 0.7557840616966581 0.022493573264781547 0.013710368466152402
0 0.6818766066838046 0.8003427592116538 0.019280205655526857 0.02056555269922896
14 0.5597686375321337 0.5419880034275921 0.016709511568123434 0.01799485861182525
14 0.49485861182519286 0.5269922879177378 0.020565552699228887 0.02570694087403602
14 0.4215938303341902 0.5689802913453299 0.017994858611825107 0.020565552699228818
14 0.3161953727506427 0.5231362467866324 0.026992287917737768 0.021422450728363317
0 0.40167095115681234 0.18851756640959727 0.021850899742930637 0.03770351328191946
13 0.6429948586118251 0.1928020565552699 0.023778920308483293 0.025706940874035987
