0 0.8845641016960144 0.29299667477607727 0.02740350365638733 0.02119508944451809
0 0.9485861182519281 0.33204798628963156 0.028277634961439587 0.021422450728363317
8 0.19826478149100257 0.5518423307626392 0.016066838046272524 0.02570694087403602
14 0.1928020565552699 0.7690659811482433 0.012853470437017976 0.016281062553556182
8 0.4219151670951157 0.7587832047986289 0.010925449871465247 0.016281062553556182
14 0.32005141388174807 0.5766923736075407 0.01285347043701801 0.020565552699228818
14 0.3412596401028277 0.390745501285347 0.011568123393316157 0.010282776349614409
0 0.511568123393316 0.24378748928877464 0.0077120822622107 0.014567266495287043
0 0.584190231362468 0.726649528706084 0.008997429305912661 0.01713796058269068
8 0.7050128534704371 0.7309340188517567 0.01670951156812336 0.022279348757497815
0 0.779884318766067 0.4875749785775493 0.009640102827763428 0.023993144815766882
0 0.3939588688946015 0.8153384747215082 0.015424164524421542 0.012853470437018046
0 0.34254498714652953 0.5218508997429306 0.011568123393316157 0.018851756640959748
0 0.39620822622107965 0.3380462724935732 0.012210796915167067 0.014567266495287114
14 0.5915809768637533 0.37360754070265645 0.014781491002570774 0.01713796058269068
