4 0.7596936225891113 0.3945096433162689 0.02224847488105297 0.027202067896723747
4 0.6218690276145935 0.5958396792411804 0.013830017298460007 0.020626423880457878
4 0.9159571528434753 0.4633789360523224 0.021154236048460007 0.028508951887488365
4 0.9635540246963501 0.4252537786960602 0.017827270552515984 0.01966235414147377
8 0.47734999656677246 0.5910595059394836 0.023547058925032616 0.02739856019616127
4 0.5082331895828247 0.7464677095413208 0.014021576382219791 0.019622396677732468
4 0.23993919789791107 0.7465104460716248 0.017837462946772575 0.02795662358403206
4 0.6593356132507324 0.32914575934410095 0.018454711884260178 0.02728043682873249
4 0.8800262212753296 0.14540217816829681 0.01780358888208866 0.022231709212064743
4 0.4970830976963043 0.1318071335554123 0.017090819776058197 0.02299232967197895
4 0.17479565739631653 0.2779103219509125 0.01708550937473774 0.02736053429543972
4 0.24758483469486237 0.12984465062618256 0.016561081632971764 0.021969126537442207
4 0.3865516483783722 0.1097864955663681 0.015779785811901093 0.02846851572394371
4 0.21238458156585693 0.6915624737739563 0.01925329677760601 0.029269123449921608
7 0.6478264331817627 0.17891207337379456 0.02233593724668026 0.02658282406628132
7 0.8452560901641846 0.6204727292060852 0.022136658430099487 0.0254569910466671
4 0.6325995922088623 0.27662932872772217 0.018928466364741325 0.02910754457116127
7 0.4755099415779114 0.34260913729667664 0.020358093082904816 0.02478015050292015
4 0.6613160371780396 0.6469353437423706 0.01502819824963808 0.02076961286365986
15 0.23444242775440216 0.7121982574462891 0.024300873279571533 0.03380932658910751
13 0.1961953043937683 0.8026423454284668 0.013450775295495987 0.024736328050494194
4 0.2353968471288681 0.21638944745063782 0.01574467495083809 0.025836121290922165
10 0.7843156456947327 0.37040406465530396 0.016271056607365608 0.021770955994725227
0 0.34441521763801575 0.43890380859375 0.024315277114510536 0.03187495842576027
4 0.3467589020729065 0.1961289942264557 0.016342926770448685 0.017359761521220207
5 0.5292983651161194 0.777106761932373 0.013108459301292896 0.022343669086694717
4 0.3684413731098175 0.3180592954158783 0.0166246946901083 0.02197747863829136
0 0.3089985251426697 0.5924673676490784 0.022265227511525154 0.028142130002379417
4 0.5132030844688416 0.6616352796554565 0.015665436163544655 0.02364375814795494
0 0.5372750642673522 0.2827763496143959 0.016709511568123434 0.01713796058269061
0 0.28213367609254497 0.15338474721508139 0.015424164524421578 0.015424164524421595
0 0.33868894601542415 0.23607540702656382 0.015424164524421542 0.021422450728363317
4 0.2493573264781491 0.37360754070265634 0.01799485861182518 0.013710368466152544
0 0.2763496143958869 0.35732647814910024 0.020565552699228745 0.011996572407883477
12 0.1519922879177378 0.39203084832904894 0.021208226221079672 0.019708654670094247
4 0.17834190231362468 0.46829477292202226 0.01735218508997427 0.011139674378748908
12 0.16195372750642673 0.480719794344473 0.0205655526992288 0.015424164524421542
12 0.45179948586118257 0.6058269065981148 0.011568123393316157 0.01885175664095968
12 0.2210796915167095 0.49957155098543266 0.010282776349614409 0.011996572407883477
12 0.21336760925449874 0.5668380462724936 0.010282776349614373 0.011139674378748837
12 0.24164524421593833 0.5762639245929734 0.01285347043701801 0.01799485861182518
12 0.18123393316195371 0.5972579263067694 0.01799485861182518 0.015424164524421684
0 0.13110539845758354 0.36246786632390754 0.017994858611825197 0.02913453299057416
14 0.20051413881748073 0.11011139674378749 0.014138817480719832 0.02999143101970865
12 0.27410025706940877 0.12425021422450726 0.022493573264781547 0.027420736932305036
0 0.2975578406169666 0.09682947729220222 0.01413881748071983 0.015424164524421578
13 0.3717866323907455 0.0676949443016281 0.01735218508997427 0.018851756640959724
0 0.294987146529563 0.2844901456726649 0.01799485861182518 0.018851756640959713
4 0.4341259640102828 0.2887746358183376 0.014781491002570632 0.015424164524421613
0 0.4354113110539846 0.33204798628963156 0.010925449871465319 0.012853470437017905
12 0.43701799485861187 0.4095972579263068 0.023136246786632383 0.01713796058269061
12 0.36696658097686374 0.519280205655527 0.00899742930591259 0.013710368466152615
12 0.38946015424164526 0.43144815766923744 0.012853470437017976 0.019708654670094247
0 0.44987146529562977 0.5085689802913453 0.015424164524421613 0.012853470437018046
0 0.39010282776349614 0.6486718080548414 0.006426735218509023 0.018851756640959748
5 0.3560411311053985 0.7583547557840618 0.01670951156812336 0.015424164524421684
0 0.3367609254498714 0.7566409597257927 0.010282776349614338 0.01885175664095968
0 0.4771850899742931 0.7952013710368466 0.0096401028277635 0.013710368466152544
0 0.5324550128534704 0.8804627249357327 0.010925449871465247 0.01628106255355604
0 0.35861182519280205 0.9023136246786632 0.007712082262210771 0.015424164524421684
4 0.541452442159383 0.8693230505569838 0.014781491002570774 0.024850042844901596
0 0.5896529562982005 0.8701799485861181 0.012210796915167138 0.01628106255355604
4 0.5777634961439589 0.8517566409597259 0.01670951156812336 0.022279348757497958
11 0.6783419023136247 0.7626392459297344 0.02506426735218497 0.01713796058269054
12 0.3316195372750642 0.8526135389888602 0.02313624678663238 0.015424164524421542
5 0.22397172236503857 0.7943444730077122 0.013496143958868884 0.022279348757497815
5 0.14556555269922877 0.7566409597257927 0.01992287917737789 0.022279348757497815
13 0.6098971722365039 0.7900599828620395 0.01670951156812336 0.01713796058269068
12 0.7943444730077122 0.651242502142245 0.024421593830334133 0.01713796058269068
0 0.8470437017994858 0.5959725792630677 0.01799485861182518 0.019708654670094177
0 0.9180591259640103 0.5282776349614395 0.01092544987146539 0.024850042844901596
5 0.836439588688946 0.5484147386461011 0.01606683804627238 0.020565552699228745
5 0.6539203084832904 0.48714652956298193 0.021208226221079655 0.02485004284490138
12 0.6497429305912596 0.4515852613538989 0.020565552699228818 0.02570694087403602
4 0.7464652956298201 0.31919451585261355 0.01863753213367616 0.02142245072836335
4 0.762210796915167 0.27120822622107965 0.01799485861182518 0.017994858611825214
0 0.5645886889460154 0.30248500428449016 0.016066838046272524 0.015424164524421578
8 0.5539845758354756 0.2549271636675236 0.012853470437018046 0.01456726649528701
8 0.46883033419023135 0.18680377035132822 0.025064267352185112 0.01371036846615251
12 0.2985218508997429 0.1773778920308483 0.01735218508997427 0.015424164524421578
0 0.18091259640102827 0.20651242502142245 0.017352185089974305 0.018851756640959713
0 0.7104755784061697 0.6679520137103685 0.00964010282776357 0.01970865467009432
0 0.5482005141388175 0.5518423307626392 0.012853470437017976 0.02742073693230502
0 0.44473007712082263 0.4687232219365896 0.011568123393316228 0.020565552699228818
12 0.317159383033419 0.46700942587832045 0.019922879177377874 0.015424164524421613
14 0.35475578406169667 0.35861182519280205 0.019280205655527 0.01799485861182518
8 0.627892030848329 0.726649528706084 0.011568123393316157 0.03427592116538122
0 0.5533419023136247 0.6311053984575836 0.019280205655527 0.01970865467009432
4 0.6298200514138818 0.6101113967437874 0.011568123393316301 0.013710368466152542
12 0.5996143958868894 0.6276778063410454 0.01670951156812336 0.023136246786632383
4 0.7416452442159382 0.6195372750642674 0.01670951156812336 0.022279348757497958
4 0.7763496143958869 0.43873179091688086 0.010282776349614409 0.01713796058269061
8 0.9485861182519281 0.3976006855184233 0.017994858611825038 0.023993144815766955
13 0.949228791773779 0.37103684661525277 0.01670951156812336 0.025706940874035952
0 0.43251928020565544 0.6392459297343617 0.020565552699228745 0.015424164524421613
13 0.1770565552699229 0.5608397600685519 0.019922879177377836 0.02485004284490138
0 0.17512853470437018 0.5252784918594687 0.010925449871465319 0.01542416452442147
0 0.2602827763496144 0.24678663239074553 0.014138817480719759 0.020565552699228783
12 0.45983290488431877 0.37832047986289635 0.022493573264781474 0.019708654670094247
13 0.7246143958868894 0.8243359040274209 0.013496143958868884 0.027420736932304946
0 0.1854113110539846 0.7433590402742076 0.01349614395886893 0.02656383890316985
12 0.5353470437017995 0.5034275921165381 0.019280205655526926 0.01628106255355604
12 0.576478149100257 0.47386461011139674 0.008997429305912519 0.02570694087403602
0 0.5051413881748071 0.466152527849186 0.011568123393316157 0.01713796058269068
4 0.7393958868894601 0.4443016281062554 0.017352185089974607 0.016281062553556054
12 0.7066195372750643 0.5089974293059126 0.014781491002570703 0.023993144815766955
0 0.7782776349614395 0.19837189374464437 0.024421593830334133 0.01285347043701801
0 0.6674164524421593 0.11868037703513283 0.021208226221079655 0.01799485861182518
4 0.6388174807197944 0.14095972579263066 0.012853470437018046 0.021422450728363317
0 0.6240359897172236 0.17737789203084833 0.0115681233933163 0.00856898029134534
0 0.5475578406169666 0.5775492716366752 0.010282776349614409 0.01713796058269068
0 0.4373393316195373 0.7399314481576692 0.02634961439588686 0.01970865467009432
13 0.6108611825192802 0.6161096829477292 0.021208226221079655 0.015424164524421613
0 0.6658097686375322 0.622107969151671 0.01670951156812336 0.023993144815766955
5 0.7294344473007712 0.5492716366752357 0.015424164524421542 0.022279348757497815
12 0.7255784061696658 0.4712939160239929 0.014138817480720068 0.020565552699228426
0 0.7898457583547557 0.4730077120822622 0.019280205655527 0.030848329048843156
0 0.8762853470437019 0.38860325621251074 0.02249357326478133 0.012853470437017905
14 0.8419023136246787 0.2639245929734361 0.023136246786632456 0.017137960582690646
11 0.21561696658097687 0.39203084832904894 0.017352185089974305 0.019708654670094247
12 0.33258354755784064 0.6743787489288775 0.014781491002570703 0.02570694087403609
0 0.3406169665809769 0.6469580119965724 0.023136246786632383 0.015424164524421613
0 0.4967866323907455 0.27249357326478146 0.011568123393316228 0.017137960582690646
4 0.5456298200514138 0.41645244215938304 0.011568123393316086 0.013710368466152473
14 0.3910668380462725 0.4592973436161097 0.0096401028277635 0.01713796058269068
0 0.2953084832904884 0.37960582690659805 0.01349614395886892 0.015424164524421613
0 0.46465295629820047 0.20394173093401885 0.014138817480719794 0.01713796058269068
11 0.5970437017994858 0.0831191088260497 0.01670951156812336 0.03256212510711226
0 0.3762853470437018 0.8963153384747214 0.0096401028277635 0.020565552699228818
