8 0.36343187660668375 0.7870608397600685 0.01992287917737791 0.023136246786632456
0 0.15970437017994862 0.6242502142245073 0.013496143958868903 0.012853470437018046
14 0.36118251928020567 0.5034275921165381 0.019280205655527 0.02485004284490138
0 0.4023136246786633 0.17566409597257923 0.00899742930591259 0.018851756640959713
14 0.7570694087403598 0.3744644387317909 0.017994858611825322 0.023993144815766955
0 0.8200514138817481 0.5197086546700943 0.011568123393316228 0.012853470437018046
14 0.426413881748072 0.7326478149100256 0.010925449871465247 0.015424164524421542
0 0.45533419023136246 0.6893744644387318 0.016066838046272524 0.012853470437017905
8 0.672879177377892 0.5934018851756642 0.020565552699228818 0.023136246786632383
8 0.6073264781491003 0.181662382176521 0.024421593830334133 0.023993144815766917
0 0.5151028277634961 0.3903170522707798 0.012210796915166995 0.014567266495287043
