7 0.6538794040679932 0.3604165017604828 0.023291565477848053 0.0317123606801033
4 0.5799558162689209 0.7267236113548279 0.017196105793118477 0.025755371898412704
4 0.6802515983581543 0.40480828285217285 0.0198899544775486 0.02257727086544037
4 0.45910197496414185 0.4317658245563507 0.013330535963177681 0.019814616069197655
11 0.8347310423851013 0.3810862898826599 0.017730712890625 0.02719523198902607
4 0.7300394773483276 0.6744052767753601 0.013892089948058128 0.022898884490132332
5 0.44055166840553284 0.370338499546051 0.016645995900034904 0.0320437029004097
4 0.2119700014591217 0.6398273706436157 0.016774078831076622 0.02204691618680954
4 0.44897112250328064 0.6828907132148743 0.017712127417325974 0.02506103552877903
4 0.5122771859169006 0.7539144158363342 0.018248626962304115 0.021660400554537773
4 0.7396889925003052 0.5324689149856567 0.01730548031628132 0.02061690203845501
4 0.6495311260223389 0.59945148229599 0.017170043662190437 0.022498290985822678
4 0.4184408187866211 0.44671645760536194 0.011796936392784119 0.024211710318922997
4 0.5847207307815552 0.3982622027397156 0.012482666410505772 0.019106322899460793
4 0.3331192135810852 0.28892257809638977 0.015164184384047985 0.01933809369802475
0 0.22879177377892032 0.5856898029134533 0.012853470437017976 0.014567266495287043
0 0.2689588688946015 0.591688089117395 0.012210796915167067 0.007712082262210771
0 0.2667095115681234 0.6126820908311911 0.011568123393316157 0.011996572407883477
12 0.17609254498714652 0.6328191945158526 0.014138817480719757 0.01628106255355604
12 0.49035989717223644 0.8251928020565552 0.014138817480719794 0.023993144815766955
12 0.18348329048843187 0.2262210796915167 0.014781491002570703 0.01713796058269068
12 0.26542416452442164 0.26135389888603255 0.019280205655527034 0.015424164524421578
8 0.5250642673521851 0.3607540702656384 0.016709511568123434 0.02570694087403602
0 0.5279562982005142 0.3830334190231362 0.014781491002570774 0.015424164524421613
13 0.3116966580976864 0.22450728363324765 0.019280205655527 0.027420736932305054
0 0.38335475578406175 0.23436161096829478 0.00835475578406168 0.021422450728363317
0 0.06523136246786633 0.6306769494430163 0.012210796915167093 0.010282776349614409
0 0.43219794344473 0.7982005141388174 0.007069408740359861 0.014567266495287043
0 0.6237146529562981 0.8603256212510711 0.013496143958868884 0.01885175664095968
0 0.6176092544987146 0.5642673521850899 0.011568123393316157 0.007712082262210771
0 0.5019280205655527 0.5659811482433591 0.012853470437018046 0.016281062553556255
0 0.4611182519280206 0.5544130248500428 0.014781491002570703 0.011996572407883406
0 0.3566838046272494 0.6713796058269065 0.011568123393316157 0.011139674378748765
0 0.36696658097686374 0.6495287060839761 0.00899742930591259 0.011996572407883549
0 0.3116966580976864 0.6645244215938303 0.011568123393316157 0.01113967437874905
12 0.10025706940874037 0.4293059125964011 0.016709511568123395 0.018851756640959748
0 0.4370179948586118 0.3269065981148243 0.012853470437018046 0.01456726649528715
0 0.39781491002570696 0.3097686375321337 0.012853470437018046 0.016281062553556113
0 0.44505141388174807 0.16752356469580118 0.013496143958868884 0.017994858611825162
0 0.6606683804627249 0.11311053984575835 0.012853470437018046 0.006855184233076255
0 0.7840616966580977 0.2107969151670951 0.015424164524421542 0.023993144815766917
4 0.7892030848329048 0.36675235646958015 0.015424164524421542 0.020565552699228818
0 0.8419023136246787 0.7429305912596401 0.010282776349614267 0.015424164524421542
0 0.8968508997429306 0.6683804627249357 0.021208226221079655 0.030848329048843083
12 0.13431876606683807 0.20736932305055697 0.014138817480719794 0.02227934875749785
0 0.20115681233933158 0.18594687232219365 0.011568123393316192 0.018851756640959748
4 0.9447300771208227 0.36975149957155096 0.01799485861182518 0.01799485861182518
0 0.7554627249357325 0.6362467866323906 0.014781491002570703 0.014567266495286972
0 0.5700514138817481 0.5042844901456727 0.014138817480719722 0.016281062553556113
0 0.5459511568123393 0.586975149957155 0.00835475578406161 0.011996572407883549
0 0.5359897172236504 0.1546700942587832 0.007712082262210771 0.014567266495287062
14 0.5591259640102828 0.13881748071979436 0.014138817480719722 0.023993144815766917
14 0.4913239074550128 0.6409597257926307 0.013496143958868955 0.020565552699228818
0 0.38271208226221076 0.34147386461011137 0.00835475578406168 0.01799485861182518
0 0.25160668380462725 0.5162810625535562 0.009640102827763534 0.017994858611825107
0 0.6073264781491003 0.4601542416452442 0.01670951156812336 0.015424164524421613
8 0.6497429305912595 0.305484147386461 0.024421593830334275 0.023136246786632383
0 0.7570694087403599 0.7275064267352185 0.011568123393316228 0.013710368466152542
0 0.07069408740359898 0.3517566409597258 0.015424164524421595 0.023136246786632383
0 0.09736503856041132 0.26820908311910885 0.014781491002570686 0.018851756640959713
0 0.03984575835475579 0.4687232219365896 0.008997429305912595 0.00856898029134534
0 0.7390745501285346 0.2866323907455013 0.008997429305912732 0.01285347043701801
