0 0.7711451649665833 0.1295696347951889 0.021604491397738457 0.026245443150401115
13 0.5949254035949707 0.4885907769203186 0.024742919951677322 0.028170736506581306
8 0.16163239074550131 0.5492716366752356 0.02377892030848329 0.022279348757497888
8 0.4084190231362468 0.7373607540702656 0.021208226221079655 0.023136246786632456
0 0.9450514138817481 0.3427592116538132 0.022493573264781613 0.022279348757497815
0 0.907133676092545 0.3487574978577549 0.02634961439588679 0.020565552699228818
15 0.6352827763496144 0.47814910025706936 0.018637532133676016 0.023993144815766882
14 0.18894601542416453 0.758783204798629 0.015424164524421613 0.017994858611825038
14 0.41227506426735216 0.2703513281919452 0.013496143958868884 0.016281062553556182
0 0.43316195372750643 0.18808911739502998 0.010282776349614409 0.016281062553556113
0 0.42480719794344474 0.28449014567266495 0.00899742930591259 0.011996572407883406
0 0.16998714652956298 0.30077120822622105 0.008354755784061665 0.013710368466152412
0 0.8862467866323908 0.6970865467009425 0.011568123393316228 0.01799485861182518
0 0.3978149100257069 0.8217652099400172 0.008997429305912519 0.015424164524421684
11 0.5546272493573263 0.36118251928020567 0.024421593830334334 0.028277634961439438
0 0.5157455012853471 0.233076263924593 0.012210796915167138 0.011996572407883477
