14 0.29980719794344474 0.6058269065981148 0.01735218508997427 0.022279348757497815
0 0.3319408740359897 0.16880891173950302 0.010925449871465247 0.011996572407883441
0 0.7561053984575835 0.508140531276778 0.012210796915167067 0.01542416452442147
14 0.6307840616966581 0.7112253641816625 0.021208226221079728 0.030848329048843225
0 0.5247429305912596 0.2917737789203085 0.010925449871465247 0.011139674378748979
4 0.7095115681233933 0.24078834618680378 0.01799485861182518 0.018851756640959748
0 0.5944730077120822 0.16452442159383032 0.01928020565552707 0.017137960582690664
0 0.5 0.5582690659811482 0.01028277634961448 0.011139674378748837
0 0.7271850899742931 0.17566409597257926 0.009640102827763428 0.011996572407883477
14 0.797879177377892 0.42544987146529567 0.0173521850899742 0.024850042844901454
