8 0.41291773778920304 0.786632390745502 0.022493573264781345 0.020565552699228693
0 0.554305912596401 0.3671808054841474 0.0096401028277635 0.014567266495287043
14 0.3457583547557841 0.5732647814910026 0.020565552699228818 0.02742073693230502
14 0.5070694087403599 0.31748071979434445 0.021850899742930564 0.02656383890317052
0 0.7043701799485861 0.2836332476435304 0.012853470437017905 0.01371036846615251
0 0.5318123393316195 0.6113967437874893 0.008354755784061751 0.016281062553556113
0 0.5723007712082263 0.5968294772922023 0.012210796915167138 0.021422450728363317
6 0.7246143958868895 0.7270779777206512 0.019922879177377978 0.031705227077977724
0 0.5134961439588689 0.26649528706083975 0.014138817480719722 0.013710368466152544
0 0.618573264781491 0.5137103684661526 0.012210796915166995 0.016281062553556182
8 0.8219794344473007 0.5149957155098543 0.021850899742930637 0.020565552699228745
