0 0.27204185724258423 0.23975874483585358 0.023372162133455276 0.0248595979064703
4 0.2120822622107969 0.702656383890317 0.01799485861182518 0.020565552699228818
4 0.20051413881748073 0.6371036846615253 0.020565552699228818 0.012853470437017905
0 0.48489717223650386 0.3521850899742931 0.014781491002570632 0.022279348757497885
0 0.4665809768637532 0.35989717223650386 0.012853470437018046 0.02570694087403602
12 0.5678020565552699 0.3110539845758355 0.018637532133676016 0.02227934875749785
0 0.5469151670951157 0.09125964010282775 0.011568123393316228 0.012853470437017993
0 0.5257069408740359 0.10882604970008568 0.010282776349614409 0.02227934875749785
0 0.4797557840616966 0.09125964010282775 0.014781491002570632 0.012853470437017993
4 0.6143958868894601 0.10539845758354754 0.01799485861182518 0.0205655526992288
0 0.0902956298200514 0.3864610111396744 0.007069408740359897 0.013710368466152544
13 0.4556555269922879 0.6199657240788347 0.014138817480719794 0.03341902313624679
0 0.5334190231362467 0.68337617823479 0.01799485861182525 0.014567266495287185
0 0.6047557840616967 0.6469580119965724 0.024421593830334133 0.01885175664095982
0 0.6625964010282775 0.6276778063410454 0.024421593830334133 0.031705227077977655
0 0.12307197943444731 0.6328191945158526 0.01863753213367609 0.03341902313624687
0 0.13431876606683804 0.6503856041131105 0.011568123393316192 0.013710368466152544
0 0.15681233933161956 0.7232219365895457 0.007712082262210789 0.008568980291345412
0 0.144280205655527 0.6983718937446443 0.014781491002570686 0.010282776349614409
0 0.25706940874035994 0.8530419880034276 0.007712082262210806 0.011139674378748908
0 0.2448586118251928 0.8363324764353041 0.011568123393316157 0.01713796058269068
0 0.23264781491002573 0.4284490145672665 0.01285347043701801 0.018851756640959748
0 0.15102827763496143 0.3170522707797772 0.014138817480719794 0.00856898029134534
0 0.12789203084832904 0.3101970865467009 0.011568123393316192 0.013710368466152544
0 0.6375321336760925 0.27806341045415595 0.023136246786632314 0.024850042844901415
0 0.656491002570694 0.2365038560411311 0.021208226221079655 0.013710368466152544
0 0.6793059125964009 0.2836332476435304 0.014138817480719722 0.01371036846615251
0 0.652956298200514 0.2840616966580977 0.007712082262210771 0.011139674378748908
4 0.541452442159383 0.49657240788346185 0.014781491002570774 0.019708654670094247
0 0.6940874035989717 0.750642673521851 0.012853470437018046 0.022279348757497815
0 0.6182519280205656 0.7977720651242501 0.015424164524421684 0.023993144815766955
0 0.5668380462724936 0.8543273350471293 0.007712082262210771 0.013710368466152402
12 0.49453727506426737 0.8637532133676092 0.021208226221079797 0.01713796058269068
0 0.39620822622107965 0.8084832904884319 0.022493573264781474 0.024850042844901596
0 0.2969151670951157 0.6319622964867181 0.010282776349614409 0.012853470437018046
0 0.3039845758354756 0.6461011139674379 0.008997429305912553 0.005141388174807276
0 0.37307197943444736 0.523993144815767 0.012210796915167138 0.014567266495287114
0 0.38303341902313626 0.5008568980291346 0.010282776349614409 0.016281062553556182
12 0.4238431876606684 0.47386461011139674 0.023778920308483224 0.022279348757497815
0 0.5366323907455013 0.4258783204798629 0.014138817480719794 0.01713796058269068
0 0.5536632390745502 0.40059982862039417 0.016066838046272524 0.024850042844901454
0 0.8071979434447301 0.5754070265638389 0.010282776349614409 0.01799485861182525
0 0.8451156812339332 0.5728363324764353 0.011568123393316228 0.021422450728363317
0 0.6401028277634961 0.3920308483290488 0.01028277634961448 0.016281062553556113
0 0.657133676092545 0.37789203084832906 0.01478149100257056 0.010282776349614409
0 0.6802699228791771 0.3898886032562123 0.008354755784062175 0.01713796058269101
0 0.7345758354755786 0.331191088260497 0.011568123393316037 0.012853470437018098
0 0.7522493573264782 0.3110539845758355 0.010925449871465247 0.015424164524421578
0 0.7056555269922878 0.26692373607540704 0.015424164524421542 0.017994858611825214
12 0.7062982005141387 0.20651242502142245 0.019280205655527 0.03770351328191946
12 0.6076478149100256 0.1932305055698372 0.012210796915167138 0.01799485861182518
0 0.5417737789203084 0.2159383033419023 0.007712082262210913 0.013710368466152544
0 0.5106041131105399 0.18337617823479008 0.023778920308483366 0.03084832904884319
0 0.48232647814910024 0.14567266495287062 0.01606683804627245 0.011996572407883458
0 0.44505141388174807 0.15338474721508139 0.025064267352185043 0.011996572407883458
0 0.8248714652956298 0.3337617823479006 0.016066838046272524 0.021422450728363317
0 0.7496786632390744 0.5475578406169666 0.01863753213367616 0.02913453299057416
12 0.8464010282776349 0.6435304198800345 0.019280205655527 0.015424164524421684
0 0.6253213367609254 0.6653813196229649 0.011568123393316157 0.01799485861182518
