0 0.5565552699228792 0.5535561268209084 0.014138817480719722 0.02742073693230502
0 0.2972365038560411 0.4198800342759212 0.013496143958868884 0.013710368466152544
0 0.2634961439588689 0.2994858611825193 0.010282776349614409 0.011139674378748908
6 0.44473007712082263 0.4901456726649529 0.023136246786632383 0.020565552699228887
5 0.5623393316195372 0.7660668380462725 0.021850899742930637 0.020565552699228818
0 0.7946658097686375 0.5646958011996572 0.009640102827763428 0.018851756640959748
11 0.5163881748071979 0.2836332476435304 0.014781491002570632 0.03256212510711226
11 0.6568123393316198 0.46572407883461886 0.021850899742930176 0.02142245072836318
15 0.1825192802056555 0.10454155955441301 0.015424164524421578 0.030848329048843173
0 0.5636246786632391 0.13881748071979433 0.008997429305912519 0.017137960582690646
0 0.5234575835475579 0.14824335904027422 0.00835475578406168 0.011996572407883458
