0 0.5590250492095947 0.16972942650318146 0.021711120381951332 0.02060033194720745
0 0.8582208156585693 0.2772916555404663 0.019171204417943954 0.03290757164359093
0 0.609105110168457 0.1621944159269333 0.016405761241912842 0.024154653772711754
12 0.7086756825447083 0.5149312615394592 0.02112921141088009 0.023037312552332878
0 0.5030630826950073 0.6763648986816406 0.019405394792556763 0.03134346380829811
0 0.30370038747787476 0.704420804977417 0.02060900814831257 0.037488605827093124
4 0.7554957866668701 0.7741562724113464 0.015885010361671448 0.013927653431892395
12 0.7962385416030884 0.15766461193561554 0.020229918882250786 0.021422963589429855
0 0.16842541098594666 0.5231790542602539 0.024949630722403526 0.031108886003494263
0 0.44473007712082263 0.09125964010282775 0.014138817480719722 0.017994858611825197
0 0.40295629820051415 0.21808054841473865 0.012853470437017976 0.021422450728363317
0 0.3541131105398458 0.20651242502142245 0.019280205655527 0.027420736932305054
0 0.37435732647814907 0.1778063410454156 0.012210796915167067 0.019708654670094247
0 0.824228791773779 0.4215938303341902 0.016066838046272524 0.011996572407883477
0 0.797879177377892 0.43059125964010275 0.00964010282776357 0.012853470437017976
0 0.9154884318766067 0.43873179091688086 0.012210796915167067 0.015424164524421613
0 0.8994215938303342 0.4730077120822622 0.012210796915167209 0.01885175664095968
0 0.8672879177377893 0.48500428449014565 0.010925449871465247 0.022279348757497885
0 0.8544344473007712 0.5119965724078834 0.016066838046272524 0.01799485861182518
0 0.868573264781491 0.5424164524421594 0.0173521850899742 0.02913453299057416
12 0.9113110539845758 0.5497000856898029 0.010282776349614409 0.023136246786632383
0 0.8801413881748072 0.5539845758354756 0.012210796915167209 0.011139674378748908
0 0.8586118251928021 0.6396743787489289 0.010282776349614267 0.014567266495287043
0 0.8190874035989717 0.6855184233076264 0.007069408740359932 0.015424164524421542
0 0.7975578406169666 0.7065124250214225 0.015424164524421542 0.021422450728363317
0 0.7654241645244216 0.699228791773779 0.020565552699228818 0.023993144815766813
0 0.711439588688946 0.7283633247643531 0.00899742930591259 0.013710368466152544
0 0.6680591259640103 0.7206512425021423 0.02506426735218497 0.015424164524421542
14 0.6732005141388174 0.7553556126820908 0.019922879177377836 0.019708654670094177
14 0.6266066838046273 0.8393316195372751 0.016709511568123434 0.012853470437018046
13 0.6420308483290488 0.8436161096829476 0.014138817480719794 0.028277634961439587
13 0.6593830334190232 0.8324764353041988 0.021850899742930495 0.04198800342759213
0 0.29948586118251924 0.8277634961439588 0.011568123393316192 0.01713796058269054
0 0.3470437017994859 0.803770351328192 0.00899742930591259 0.020565552699228676
0 0.36343187660668375 0.7613538988860326 0.014781491002570632 0.019708654670094177
0 0.2667095115681233 0.7219365895458442 0.01413881748071979 0.014567266495287003
0 0.24164524421593833 0.7133676092544988 0.016709511568123395 0.011139674378748765
12 0.2342544987146529 0.7373607540702656 0.017352185089974107 0.023136246786632585
0 0.28631105398457585 0.7300771208226222 0.013496143958868884 0.029134532990574086
0 0.21240359897172237 0.6383890317052271 0.014781491002570703 0.01713796058269061
0 0.19922879177377895 0.620394173093402 0.014138817480719794 0.015424164524421613
0 0.17448586118251933 0.6246786632390745 0.016066838046272486 0.01713796058269068
0 0.1609897172236504 0.6036846615252786 0.009640102827763517 0.016281062553556182
0 0.10218508997429306 0.5411311053984577 0.016709511568123395 0.017994858611825107
0 0.1301413881748072 0.5394173093401885 0.02249357326478151 0.016281062553556113
0 0.21304627249357325 0.5098543273350471 0.02249357326478151 0.029134532990574016
12 0.12275064267352181 0.4185946872322192 0.01928020565552691 0.023136246786632186
0 0.08194087403598971 0.42330762639245934 0.017352185089974288 0.01713796058269061
0 0.05848329048843188 0.34104541559554413 0.017994858611825197 0.011996572407883406
0 0.10379177377892031 0.32904884318766064 0.012210796915167101 0.013710368466152544
0 0.18894601542416453 0.2656383890317052 0.012853470437017976 0.018851756640959713
13 0.3277634961439589 0.16023993144815768 0.012853470437018046 0.018851756640959713
10 0.3576478149100257 0.15852613538988858 0.01735218508997427 0.025706940874036004
0 0.27024421593830333 0.11353898886032562 0.01992287917737791 0.019708654670094247
0 0.20758354755784061 0.14353041988003426 0.01285347043701801 0.023136246786632366
0 0.3534704370179949 0.2939160239931448 0.011568123393316157 0.013710368466152473
0 0.4080976863753213 0.2767780634104542 0.010282776349614338 0.020565552699228853
0 0.23136246786632392 0.3538988860325621 0.011568123393316192 0.015424164524421542
12 0.1911953727506427 0.3976006855184233 0.025064267352185077 0.022279348757497815
0 0.2062982005141388 0.43444730077120824 0.0218508997429306 0.023993144815766955
0 0.5796915167095116 0.13496143958868895 0.014138817480719794 0.016281062553556092
0 0.6362467866323908 0.11311053984575835 0.0115681233933163 0.018851756640959713
0 0.612146529562982 0.10368466152527848 0.012210796915166995 0.015424164524421595
12 0.4180591259640103 0.2939160239931448 0.00964010282776357 0.020565552699228783
6 0.4341259640102828 0.3427592116538132 0.021208226221079728 0.023993144815766955
0 0.3791773778920309 0.37060839760068554 0.015424164524421613 0.014567266495287043
0 0.40070694087403597 0.3774635818337617 0.013496143958868884 0.023136246786632383
0 0.4710796915167096 0.44387317909168816 0.01028277634961448 0.010282776349614338
0 0.40231362467866316 0.45972579263067703 0.014138817480719794 0.019708654670094247
0 0.32904884318766064 0.39631533847472156 0.01028277634961448 0.023136246786632383
12 0.3460796915167096 0.3508997429305913 0.023778920308483224 0.01799485861182525
6 0.3512210796915167 0.37146529562982006 0.013496143958868884 0.028277634961439587
0 0.292095115681234 0.2887746358183376 0.008354755784061717 0.011996572407883406
0 0.37692802056555264 0.5137103684661526 0.0096401028277635 0.01799485861182518
14 0.3589331619537275 0.4537275064267352 0.014781491002570632 0.012853470437017976
0 0.41966580976863754 0.4970008568980291 0.014138817480719794 0.013710368466152544
13 0.47879177377892035 0.4618680377035133 0.012853470437017976 0.020565552699228887
0 0.47140102827763497 0.5651242502142245 0.01992287917737791 0.017994858611825322
0 0.3547557840616966 0.6011139674378749 0.011568123393316157 0.011139674378748908
0 0.30848329048843187 0.5736932305055699 0.010282776349614409 0.011139674378748979
0 0.3239074550128535 0.6906598114824337 0.007712082262210842 0.0154241645244214
0 0.41227506426735216 0.7202227934875751 0.010925449871465319 0.009425878320479768
11 0.39749357326478146 0.7129391602399315 0.021208226221079728 0.022279348757497815
0 0.5260282776349615 0.6790916880891175 0.012210796915167138 0.01799485861182518
12 0.5427377892030847 0.6692373607540703 0.01735218508997427 0.022279348757497958
0 0.5803341902313625 0.6075407026563839 0.007712082262210771 0.015424164524421613
0 0.5999357326478149 0.5908311910882604 0.013496143958868884 0.01970865467009432
0 0.6433161953727506 0.5951156812339332 0.023136246786632314 0.01970865467009432
0 0.7005141388174806 0.5736932305055698 0.007712082262210771 0.014567266495287043
0 0.5877249357326478 0.3933161953727506 0.008354755784061751 0.0051413881748072045
0 0.627892030848329 0.32005141388174807 0.01670951156812336 0.01970865467009432
0 0.6053984575835476 0.31405312767780635 0.017994858611825107 0.02142245072836335
0 0.593508997429306 0.2819194515852613 0.017352185089974412 0.020565552699228818
0 0.5732647814910026 0.3149100257069409 0.01928020565552707 0.017994858611825145
0 0.5472365038560412 0.29048843187660667 0.014781491002570632 0.013710368466152544
12 0.5420951156812339 0.27249357326478146 0.016066838046272524 0.025706940874035987
6 0.5620179948586119 0.2365038560411311 0.01735218508997427 0.020565552699228783
0 0.7413239074550129 0.47257926306769493 0.013496143958868884 0.016281062553556113
0 0.7416452442159382 0.4310197086546701 0.01799485861182518 0.01713796058269068
0 0.8133033419023136 0.44601542416452444 0.01478149100257056 0.012853470437017976
10 0.8791773778920308 0.6101113967437876 0.030848329048843225 0.02742073693230502
