4 0.9328685998916626 0.37324872612953186 0.019649535417556763 0.024486735463142395
4 0.1331726610660553 0.5247910022735596 0.020226700231432915 0.02676965296268463
10 0.7557350993156433 0.717240571975708 0.01735498011112213 0.022118408232927322
4 0.8059512972831726 0.46991243958473206 0.0189282838255167 0.025192098692059517
4 0.6213067173957825 0.597091555595398 0.017862914130091667 0.02224096655845642
4 0.4568195044994354 0.19873958826065063 0.01900692656636238 0.02393593266606331
12 0.8179304003715515 0.8152706623077393 0.020434387028217316 0.02120564691722393
4 0.7621012926101685 0.5894247889518738 0.015630554407835007 0.020580526441335678
7 0.24940358102321625 0.6489663124084473 0.021943390369415283 0.02361462451517582
4 0.6449826955795288 0.34731996059417725 0.02058599889278412 0.02613181620836258
8 0.212631955742836 0.4368617832660675 0.019713882356882095 0.0254156906157732
4 0.5344237089157104 0.8479889035224915 0.01970520056784153 0.02266259677708149
7 0.7536876797676086 0.3136814534664154 0.02364257723093033 0.027912963181734085
12 0.33177807927131653 0.6795438528060913 0.01711850054562092 0.018275471404194832
4 0.3235924541950226 0.21052657067775726 0.014797027222812176 0.022260354831814766
12 0.7984568260629252 0.29792207727191156 0.020447303909702175 0.028357448322888362
4 0.574632641895265 0.3750039800018353 0.017640011456907634 0.01647776271110436
14 0.7768939381087043 0.4444404460981348 0.01755759894732936 0.020495372363896792
8 0.44944408535957336 0.8041266202926636 0.018046477809548378 0.028536377474665642
0 0.849592924118042 0.1360674798488617 0.021425414830446243 0.02472221851348877
4 0.2834497094154358 0.5570780634880066 0.0161590576171875 0.02051647938787937
14 0.6130021810531616 0.7539088726043701 0.015424743294715881 0.020123615860939026
8 0.8649875521659851 0.6782184839248657 0.02251434326171875 0.027549032121896744
8 0.28354761004447937 0.33020472526550293 0.01837673969566822 0.02466251701116562
7 0.4021047353744507 0.5705623626708984 0.01877792365849018 0.02257641591131687
8 0.33315250277519226 0.5683687925338745 0.01777075231075287 0.0214696042239666
10 0.1677892953157425 0.4212583005428314 0.015182617120444775 0.023164143785834312
4 0.7090939283370972 0.3701365888118744 0.013797729276120663 0.018175780773162842
7 0.8527016639709473 0.46440303325653076 0.02098541334271431 0.02731437236070633
4 0.36058253049850464 0.5204185247421265 0.01401303056627512 0.01858341507613659
7 0.3089963495731354 0.4119561016559601 0.020253082737326622 0.02063916064798832
13 0.43577027320861816 0.11824139207601547 0.014241790398955345 0.019693054258823395
7 0.6640755534172058 0.5740882754325867 0.01849707029759884 0.02585221268236637
12 0.46336760925449866 0.29220222793487577 0.014138817480719794 0.018851756640959713
0 0.1629177377892031 0.20179948586118251 0.012210796915167084 0.01285347043701801
12 0.35925449871465287 0.15424164524421596 0.021850899742930564 0.0171379605826907
12 0.3380462724935732 0.14867180805484145 0.01799485861182518 0.02656383890317052
0 0.14524421593830333 0.2750642673521851 0.017994858611825197 0.015424164524421649
13 0.26831619537275064 0.25621251071122536 0.014781491002570632 0.029134532990574086
14 0.2718508997429306 0.22707797772065125 0.014138817480719759 0.022279348757497885
0 0.3261568123393316 0.23607540702656382 0.0096401028277635 0.016281062553556113
0 0.43187660668380473 0.1958011996572408 0.011568123393316157 0.021422450728363317
0 0.230719794344473 0.4335904027420737 0.014138817480719794 0.02742073693230502
0 0.19569408740359898 0.4224507283633248 0.010925449871465282 0.015424164524421613
0 0.105719794344473 0.47429305912596403 0.02892030848329048 0.023136246786632383
0 0.12660668380462725 0.4203084832904884 0.00899742930591259 0.01799485861182518
0 0.28116966580976865 0.8080548414738646 0.012210796915167101 0.022279348757497958
0 0.2647814910025707 0.8097686375321337 0.015424164524421578 0.022279348757497958
0 0.4190231362467866 0.7480719794344474 0.010282776349614409 0.011996572407883549
10 0.532133676092545 0.802056555269923 0.021850899742930637 0.015424164524421686
8 0.5507712082262212 0.7626392459297344 0.029562982005141406 0.01713796058269054
12 0.6526349614395888 0.7806341045415596 0.021208226221079655 0.022279348757497815
12 0.6873393316195373 0.7754927163667523 0.016066838046272524 0.02570694087403609
12 0.7602827763496144 0.8607540702656385 0.015424164524421509 0.021422450728363452
14 0.7358611825192801 0.847472150814053 0.014138817480719722 0.01885175664095968
12 0.6008997429305912 0.8886032562125107 0.014138817480719722 0.025706940874035952
0 0.4781491002570694 0.882604970008569 0.007712082262210771 0.010282776349614409
0 0.4537275064267352 0.8911739502999143 0.007712082262210771 0.010282776349614551
14 0.4170951156812339 0.8556126820908312 0.015424164524421613 0.021422450728363317
12 0.5597686375321337 0.5167095115681235 0.01928020565552707 0.018851756640959748
0 0.8094473007712082 0.5548414738646101 0.014781491002570703 0.012853470437017976
0 0.8004498714652957 0.7420736932305055 0.01092544987146539 0.01713796058269068
0 0.782133676092545 0.7913453299057412 0.014138817480719865 0.029991431019708727
12 0.17544987146529564 0.7617823479005997 0.0218508997429306 0.01885175664095968
0 0.4508354755784062 0.5711225364181662 0.009640102827763428 0.01799485861182525
12 0.4640102827763496 0.5634104541559555 0.01670951156812336 0.021422450728363386
12 0.3650385604113111 0.5638389031705227 0.01799485861182518 0.023993144815766882
0 0.4138817480719794 0.5467009425878321 0.020565552699228818 0.01713796058269068
12 0.44569408740359895 0.46786632390745503 0.021208226221079655 0.01713796058269068
5 0.442159383033419 0.4811482433590403 0.024421593830334203 0.01970865467009432
0 0.4517994858611825 0.42759211653813195 0.020565552699228818 0.011996572407883406
6 0.6047557840616967 0.34575835475578415 0.021850899742930637 0.026563838903170447
14 0.6176092544987147 0.30719794344473006 0.01799485861182525 0.016281062553556148
0 0.8923521850899744 0.3513281919451585 0.013496143958868884 0.013710368466152544
0 0.8361182519280206 0.15766923736075406 0.011568123393316228 0.0205655526992288
0 0.8974935732647816 0.17266495287060837 0.010925449871465247 0.016281062553556113
0 0.7339331619537276 0.5972579263067697 0.010282776349614409 0.013710368466152473
11 0.7371465295629818 0.6109682947729214 0.02056555269922837 0.030848329048843146
14 0.7326478149100255 0.6820908311910882 0.021850899742930786 0.03256212510711258
0 0.6937660668380462 0.7095115681233933 0.01092544987146539 0.013710368466152544
12 0.8383676092544988 0.6975149957155099 0.016066838046272524 0.020565552699228818
0 0.5584832904884318 0.47900599828620394 0.008997429305912661 0.015424164524421684
10 0.5906169665809768 0.47557840616966585 0.01928020565552707 0.015424164524421613
12 0.3026992287917738 0.6023993144815768 0.024421593830334237 0.018851756640959748
0 0.2596401028277635 0.8706083976006854 0.010282776349614373 0.010282776349614409
0 0.19987146529562982 0.8748928877463581 0.014138817480719794 0.01885175664095968
0 0.2573907455012854 0.8479005998286203 0.010925449871465319 0.009425878320479768
11 0.3643958868894602 0.8067694944301629 0.014138817480719794 0.023136246786632456
12 0.4974293059125964 0.2939160239931448 0.01799485861182525 0.018851756640959713
0 0.3518637532133676 0.26135389888603255 0.014781491002570703 0.015424164524421578
6 0.4077763496143959 0.2570694087403599 0.021208226221079655 0.01713796058269068
12 0.813624678663239 0.3041988003427592 0.017994858611825322 0.018851756640959748
