12 0.5789111256599426 0.8897160887718201 0.02045935019850731 0.02586669847369194
4 0.9152176380157471 0.3013169765472412 0.01972772181034088 0.02292785607278347
4 0.18271709978580475 0.5188713669776917 0.02311735600233078 0.025644205510616302
4 0.637332022190094 0.6328702569007874 0.016822203993797302 0.02071634866297245
7 0.6723400354385376 0.6960582733154297 0.01938513107597828 0.023999512195587158
7 0.8552740216255188 0.4292202889919281 0.022510558366775513 0.02578430250287056
4 0.314055860042572 0.2113015204668045 0.01492971833795309 0.022135844454169273
8 0.14269687235355377 0.2558353543281555 0.02291511557996273 0.02548331767320633
4 0.3817255198955536 0.167171448469162 0.017456084489822388 0.020906371995806694
4 0.5351079106330872 0.37131062150001526 0.015687989071011543 0.020323405042290688
7 0.32167181372642517 0.5991005301475525 0.02236068807542324 0.02679557353258133
4 0.6345536708831787 0.490319162607193 0.015066894702613354 0.024556314572691917
12 0.6142704865313434 0.42022568255586285 0.023150864313416418 0.02100139833833543
4 0.3989025056362152 0.21423812210559845 0.01589837670326233 0.021699178963899612
8 0.8796001672744751 0.2649557590484619 0.01636010780930519 0.021400369703769684
4 0.9029626846313481 0.35397574047605085 0.013231323100626469 0.03412157254199372
12 0.35551872849464417 0.46348705887794495 0.01754818670451641 0.018384113907814026
4 0.8083263039588928 0.21934844553470612 0.017404358834028244 0.024422241374850273
12 0.2455944891990304 0.7778781056404113 0.025451443711137677 0.01865755207836628
12 0.7115175724029541 0.18766100704669952 0.014318298548460007 0.01855812594294548
12 0.4493709206581116 0.46345239877700806 0.01721752993762493 0.023166300728917122
4 0.5569542646408081 0.7775552868843079 0.01996191404759884 0.02290445938706398
4 0.625868022441864 0.7383371591567993 0.014234131202101707 0.018913574516773224
12 0.46082910895347595 0.254942387342453 0.013918792828917503 0.020478779450058937
12 0.8218614459037781 0.46192944049835205 0.01760711707174778 0.021236857399344444
12 0.24611996278971207 0.2215512341276233 0.013787307776510714 0.025324147686221807
12 0.30983152985572815 0.2708710730075836 0.01665438897907734 0.02351403795182705
8 0.5446373224258423 0.30233320593833923 0.01937371864914894 0.01971638947725296
7 0.3770827054977417 0.3549406826496124 0.017633331939578056 0.02138419635593891
7 0.8246976733207703 0.27718523144721985 0.017897583544254303 0.029390523210167885
6 0.5374726191890882 0.24570375969497774 0.022274486567336868 0.0223785650476675
11 0.3030810058116913 0.4898137152194977 0.019186217337846756 0.027558960020542145
0 0.10338929295539856 0.8506990671157837 0.021289734169840813 0.02911580353975296
12 0.557941734790802 0.17298159003257751 0.014499389566481113 0.019163502380251884
12 0.48875266313552856 0.5094614624977112 0.014300353825092316 0.02431437186896801
0 0.5060552954673767 0.8670921325683594 0.01830902136862278 0.02648543380200863
14 0.4662596401028278 0.38560411311054016 0.019922879177377856 0.01713796058269062
12 0.20404884318766064 0.26820908311910885 0.017352185089974305 0.03256212510711226
0 0.05912596401028278 0.286203941730934 0.014138817480719794 0.01713796058269061
12 0.44537275064267356 0.6936589545844045 0.01799485861182518 0.01799485861182518
12 0.4951799485861183 0.3933161953727506 0.013496143958868955 0.015424164524421613
6 0.49678663239074544 0.3791773778920309 0.01928020565552707 0.01628106255355604
13 0.16356041131105395 0.4185946872322194 0.018637532133676072 0.026563838903170447
0 0.12114395886889459 0.41688089117395033 0.021208226221079693 0.023136246786632314
12 0.09704370179948586 0.35561268209083124 0.02185089974293058 0.015424164524421613
0 0.08868894601542415 0.3217652099400171 0.015424164524421595 0.01799485861182518
0 0.11311053984575835 0.23050556983718937 0.012853470437017993 0.02570694087403602
0 0.04852185089974293 0.5861182519280205 0.008354755784061698 0.010282776349614409
9 0.08226221079691515 0.6053984575835474 0.028277634961439584 0.019708654670093927
0 0.36343187660668375 0.8791773778920308 0.0096401028277635 0.013710368466152402
0 0.7712082262210797 0.8161953727506426 0.020565552699228818 0.012853470437018046
12 0.7811696658097687 0.8016281062553557 0.02506426735218497 0.021422450728363317
12 0.6963367609254498 0.8016281062553557 0.01735218508997434 0.017994858611825322
12 0.7095115681233932 0.7853470437017995 0.007712082262210771 0.012853470437017905
4 0.7493573264781491 0.766923736075407 0.011568123393316228 0.01885175664095982
0 0.44537275064267356 0.7600685518423308 0.011568123393316228 0.015424164524421542
0 0.48746786632390754 0.7862039417309341 0.00835475578406168 0.014567266495287043
0 0.4633676092544987 0.7712082262210797 0.01670951156812336 0.01885175664095968
0 0.5189588688946016 0.7510711225364182 0.012210796915167067 0.01799485861182518
13 0.4569408740359897 0.7257926306769494 0.020565552699228818 0.025706940874035952
11 0.3367609254498714 0.7257926306769494 0.020565552699228745 0.029134532990574086
12 0.3640745501285347 0.6319622964867181 0.013496143958868884 0.017994858611825322
4 0.33354755784061696 0.5689802913453299 0.01670951156812336 0.020565552699228818
0 0.2769922879177378 0.3731790916880891 0.015424164524421613 0.021422450728363317
12 0.3615038560411311 0.3273350471293916 0.01863753213367609 0.020565552699228783
12 0.4212724935732648 0.2707797772065124 0.021208226221079655 0.020565552699228783
12 0.40295629820051415 0.2982005141388175 0.01670951156812336 0.020565552699228783
12 0.4132390745501286 0.24507283633247645 0.008997429305912661 0.01713796058269068
12 0.48843187660668375 0.27420736932305056 0.015424164524421613 0.01713796058269068
0 0.4341259640102828 0.3538988860325621 0.0070694087403600035 0.013710368466152544
6 0.5289203084832904 0.31876606683804626 0.011568123393316157 0.023993144815766882
0 0.5780848329048843 0.3783204798628963 0.012210796915167067 0.014567266495287043
12 0.5681233933161954 0.41773778920308485 0.024421593830334137 0.019708654670094247
12 0.5472365038560412 0.4198800342759212 0.012210796915167138 0.020565552699228818
12 0.5732647814910026 0.4481576692373608 0.01542416452442147 0.02913453299057416
6 0.5571979434447301 0.5218508997429305 0.021850899742930637 0.020565552699228745
12 0.12403598971722364 0.733076263924593 0.024421593830334185 0.01799485861182518
0 0.1831619537275064 0.7532133676092545 0.01285347043701801 0.013710368466152544
8 0.19473007712082263 0.737789203084833 0.0218508997429306 0.022279348757497815
12 0.21786632390745503 0.7086546700942589 0.026992287917737806 0.022279348757497815
6 0.1770565552699229 0.5809768637532133 0.027634961439588678 0.023993144815766955
8 0.1838046272493573 0.598114824335904 0.02570694087403602 0.020565552699228745
14 0.19987146529562982 0.5646958011996572 0.019280205655527 0.02913453299057416
0 0.6674164524421593 0.35004284490145676 0.013496143958868884 0.012853470437017976
12 0.6863753213367609 0.27806341045415595 0.020565552699228818 0.026563838903170486
13 0.7014781491002572 0.25064267352185093 0.0173521850899742 0.019708654670094247
0 0.6950514138817481 0.24121679520137107 0.014781491002570703 0.017994858611825214
12 0.6384961439588689 0.16023993144815765 0.014781491002570703 0.025706940874036004
0 0.702120822622108 0.1649528706083976 0.013496143958868884 0.01628106255355613
13 0.6876606683804627 0.1709511568123393 0.01799485861182518 0.024850042844901433
13 0.722043701799486 0.26006855184233074 0.019922879177377836 0.021422450728363317
0 0.9183804627249359 0.26692373607540704 0.010282776349614409 0.01456726649528708
0 0.9534061696658097 0.3191945158526135 0.012210796915167209 0.009425878320479874
12 0.7660668380462725 0.3620394173093402 0.012853470437017905 0.029991431019708727
6 0.7882390745501285 0.5205655526992288 0.022493573264781474 0.023136246786632383
0 0.7965938303341901 0.7035132819194514 0.01863753213367631 0.022279348757497725
0 0.7988431876606684 0.6722365038560412 0.00899742930591259 0.016281062553556182
0 0.7599614395886889 0.709083119108826 0.013496143958868884 0.01799485861182518
0 0.922879177377892 0.6670951156812339 0.023136246786632456 0.03341902313624672
0 0.9125964010282775 0.6413881748071979 0.015424164524421542 0.012853470437017976
1 0.8544344473007712 0.523993144815767 0.019922879177377978 0.024850042844901523
12 0.8248714652956298 0.5334190231362467 0.0173521850899742 0.016281062553556113
0 0.7088688946015425 0.5484147386461011 0.020565552699228818 0.00856898029134534
13 0.6613110539845758 0.5616966580976864 0.021850899742930637 0.01970865467009432
0 0.490681233933162 0.4318766066838047 0.0096401028277635 0.013710368466152544
5 0.33483290488431877 0.37789203084832906 0.01670951156812336 0.025706940874035952
11 0.37339331619537275 0.23050556983718934 0.01670951156812336 0.03256212510711226
12 0.5160668380462725 0.18551842330762638 0.019280205655527 0.02656383890317052
12 0.5038560411311055 0.15167095115681234 0.016709511568123434 0.018851756640959713
12 0.8155526992287918 0.16023993144815765 0.016709511568123503 0.025706940874036004
12 0.2544987146529563 0.472579263067695 0.01285347043701801 0.01799485861182518
12 0.08194087403598971 0.5325621251071122 0.01992287917737789 0.014567266495287043
12 0.10122107969151671 0.4957155098543274 0.017352185089974305 0.01799485861182518
0 0.07422879177377892 0.4207369323050557 0.014781491002570703 0.015424164524421542
12 0.7458226221079695 0.636675235646958 0.016066838046272524 0.030848329048843225
6 0.7573907455012855 0.7317909168808912 0.016066838046272524 0.02742073693230509
0 0.6590616966580976 0.7476435304198802 0.00964010282776357 0.012853470437018046
6 0.6979434447300771 0.7352185089974292 0.020565552699228818 0.02742073693230509
0 0.4778277634961439 0.7077977720651242 0.0096401028277635 0.020565552699228676
0 0.8322622107969151 0.28406169665809766 0.015424164524421542 0.014567266495287043
