4 0.12999532601075017 0.7992469541686978 0.012269221780789916 0.027264937290644154
4 0.7510516475812105 0.10126455952820539 0.018111708343070774 0.014800965957778302
0 0.16212900210329514 0.48102618607646436 0.022785697592895532 0.02804393549894833
0 0.05637999532601075 0.6348783322165282 0.022785697592895532 0.04128690504011836
0 0.07624444963776583 0.22395677733610442 0.01694321103061464 0.0218119498325154
0 0.1706006076186025 0.1413829672558676 0.02453844356157983 0.021811949832515384
0 0.04031315727973826 0.45220325236921183 0.028043935498948357 0.0280439354989484
0 0.10107501752745972 0.5713899782397422 0.019864454311755136 0.021811949832515446
0 0.12210796915167094 0.5861909441975207 0.017527459686842713 0.012463971332865925
0 0.08004206590324842 0.543346042740794 0.016358962374386533 0.026485939082340194
12 0.23282308950689412 0.833522875334079 0.01694321103061462 0.03193892654046891
12 0.16855573732180418 0.8054789398351306 0.02161720028043934 0.03038093012386085
0 0.1965996728207525 0.7057671691722033 0.02161720028043934 0.017916958790994784
0 0.21237438653891097 0.7486120706289299 0.022785697592895567 0.014800965957778231
0 0.18841411505566946 0.7323785955649749 0.017688904519520713 0.023984955280705975
12 0.1351180453622354 0.7449027401410272 0.0243057540575857 0.02418482990804736
0 0.07018177705913389 0.6919379626424093 0.020678029571378716 0.028538099291493493
0 0.26752998910878345 0.6515492966959738 0.020678029571378716 0.026119616300688975
0 0.21093748712395743 0.6242204388998824 0.01632476018793053 0.018864167328275342
0 0.197333520300682 0.6145465069366643 0.016687532636551268 0.026603312898849863
0 0.2276250197605087 0.7265222694109141 0.02067802957137868 0.014510897944827263
0 0.2528377049396459 0.7202342136348221 0.020315257122758012 0.02515222310436698
0 0.3235783324206784 0.7439353469447068 0.021040802019999347 0.024184829908045203
13 0.32466664976654047 0.8227778924449344 0.014510897944827192 0.029021795889654527
0 0.3654785502363669 0.7700549632453957 0.03228674792724043 0.020315257122758085
0 0.25247493249102526 0.5076495587431042 0.02104080201999938 0.01112502175770075
0 0.23796403454619808 0.472823403675519 0.018138622431033972 0.019831560524597194
0 0.26970662380050753 0.45444293294540455 0.016324760187930564 0.020798953720918903
0 0.18536202949619957 0.4655679547031054 0.023217436711723494 0.023701133309884454
0 0.11262615354775338 0.4387227935051752 0.023580209160344142 0.015478291141148973
0 0.06709821124585812 0.44404345608494517 0.01741307753379261 0.03289136867494165
0 0.10561771580040415 0.40766239176031005 0.02648238874930959 0.022733740113562533
0 0.15368506524264414 0.3014909884639912 0.024668526506206215 0.02611961630068901
0 0.24564788096798637 0.1404200212764096 0.022854664263102863 0.02031525712275803
0 0.26360511717470997 0.24900990756353295 0.021766346917240716 0.025635919702528015
0 0.2418387702574692 0.256507204835027 0.017413077533792603 0.024184829908045272
0 0.19032508255333278 0.241028913693878 0.013785353047585752 0.02418482990804531
7 0.1740003223654022 0.23570825111410806 0.021766346917240716 0.02998918908597613
0 0.31656989467332913 0.2226484429637636 0.022491891814482124 0.026119616300688903
0 0.27557660797919237 0.20668645522445367 0.017413077533792603 0.02515222310436709
0 0.2617912549316066 0.20160764094376418 0.02176634691724079 0.03144027888045883
0 0.32817861302919094 0.17645541783939708 0.029747340786895685 0.033375065273102515
0 0.36119090585367275 0.10641325159539924 0.02176634691724068 0.029021795889654332
0 0.41742063538987795 0.09528822983769843 0.015236442842068527 0.027087009497010737
0 0.4210483598760848 0.2754652126526358 0.02104080201999942 0.023701133309884385
0 0.3093144457009156 0.33375065273102494 0.010883173458620377 0.023217436711723494
0 0.25997739268850323 0.32625335545953094 0.015236442842068527 0.02563591970252805
0 0.36300476809677606 0.35938657243355293 0.016687532636551268 0.029989189085976094
0 0.3923893364350511 0.343908281292404 0.018864167328275342 0.029021795889654384
0 0.40980241396884365 0.3301229282448182 0.01596198773930986 0.03240767207678065
0 0.4183275665114297 0.48297105326366435 0.013422580598965226 0.020798953720919045
0 0.43392678180211885 0.45394925737401004 0.02285466426310279 0.017896774131953494
0 0.3276344543562598 0.5814033109894088 0.017775849982413307 0.029021795889654315
0 0.3009706793826387 0.6080066238882575 0.022491891814482017 0.02515222310436872
13 0.3717113068636724 0.6672594571629695 0.02466852650620609 0.02466852650620609
0 0.4803616552255658 0.6244523082257292 0.02430575405758546 0.020315257122758085
0 0.5793985336990113 0.8329255420330796 0.019226939776895977 0.03289136867494165
0 0.5757708092128045 0.7949553590774485 0.019226939776896046 0.027570706095171572
0 0.4874357179736692 0.7199823863625082 0.019589712225516677 0.027570706095171572
0 0.4567814460652217 0.7446509128687144 0.021403574468620193 0.020798953720918972
13 0.3992820129588441 0.7746401019546906 0.018864167328275273 0.023701133309884312
0 0.4761897720664281 0.6822540517059575 0.0253940714034475 0.022733740113562533
0 0.48018026900125554 0.6556507388071077 0.012334263253103045 0.022733740113562675
13 0.43410816802642926 0.6464605034420506 0.0319239754786198 0.01209241495402253
0 0.44553550015798066 0.5625391436611333 0.0155992152906893 0.029021795889654315
0 0.4297548986429811 0.5647157783528575 0.011608718355861712 0.023701133309884312
0 0.38132477675211995 0.5729386205215914 0.016324760187930443 0.02757070609517156
0 0.40018894408039574 0.5291640783880308 0.014873670393447896 0.024184829908045272
0 0.4609533292243595 0.5993000851213622 0.014510897944827121 0.019347863926436303
0 0.5043046368345308 0.6014767198130864 0.02285466426310279 0.01596198773930986
0 0.5135553342743581 0.6612132496859582 0.013785353047585786 0.028054402693332606
0 0.5349589087429769 0.6619387945831976 0.02829625099241466 0.02950549248781534
0 0.5391307919021159 0.7151454203808991 0.01995248467413738 0.023701133309884312
14 0.5855656653255629 0.7623058387015875 0.01995248467413745 0.020315257122757942
0 0.4435402516905669 0.37921813295815016 0.019589712225516535 0.018380470730114454
0 0.4948725531703921 0.4154953778202177 0.027933478543792346 0.028054402693333178
0 0.4734689787017728 0.28779947590573896 0.012697035701723747 0.0386957278528724
0 0.5422143577153916 0.26579128068941776 0.015236442842068456 0.019831560524597194
0 0.5550927796414258 0.24354123717401602 0.01995248467413745 0.012092414954022673
0 0.5630737735110808 0.20460366102206315 0.01850139487965464 0.021282650319079898
0 0.6046112188781485 0.2566010453243605 0.023217436711723494 0.02660331289884983
0 0.6029787428593544 0.21064986849907413 0.020678029571377696 0.030472885684137075
0 0.6490508438341817 0.1047203135018361 0.023580209160344267 0.030472885684137054
0 0.6699102596298708 0.14486713114919125 0.01886416732827513 0.020798953720918972
0 0.6744449152376294 0.19009276307723597 0.020678029571378573 0.02321743671172346
0 0.6445161882264233 0.19759006034872997 0.015961987739309933 0.0333750652731025
0 0.6349027183379752 0.20557105421838492 0.01124594590724108 0.01644568433747086
0 0.6597526310684918 0.23773687799608517 0.010157628561379113 0.02950549248781524
0 0.709089684080904 0.2483782031556251 0.011608718355861782 0.024668526506206163
13 0.7662263447386611 0.19226939776896004 0.018501394879654923 0.022733740113562603
0 0.7609661442336614 0.21572868277976398 0.02539407140344764 0.02515222310436709
0 0.8235443916207285 0.23942981608964836 0.01995248467413745 0.02708700949701072
14 0.6408884637402165 0.33689468061907085 0.014510897944827192 0.017896774131953494
13 0.5500139653607363 0.4060632941560803 0.021403574468619978 0.023701133309884385
0 0.5405818816965987 0.49506346821768704 0.008343766318275598 0.01983156052459705
0 0.5592646628005636 0.4957890131149284 0.007980993869655038 0.02128265031907979
12 0.5202666245738407 0.5383543137530882 0.0155992152906893 0.015478291141148973
13 0.5387680194534953 0.5523815150997544 0.020678029571378785 0.022250043515401715
0 0.5862912102228042 0.5630228402592943 0.01995248467413745 0.022250043515401715
0 0.6220242964119411 0.5647157783528575 0.011608718355861853 0.023701133309884312
0 0.620935979066079 0.6251778531229707 0.012334263253103045 0.028538099291493355
0 0.6047926051024588 0.638721357871476 0.020678029571378643 0.023701133309884242
13 0.6408884637402165 0.7032948537259568 0.008706538766896301 0.02515222310436698
0 0.6709985769757328 0.7003926741369915 0.022491891814482017 0.027087009497010827
0 0.655580747909354 0.6329169986935451 0.019226939776896046 0.030472885684137054
0 0.7043736422488354 0.5988163885232014 0.018138622431034007 0.024184829908045272
0 0.6365351943567683 0.4312155172604475 0.013059808150344451 0.020798953720918972
0 0.6543110443391816 0.4781340872820553 0.018138622431034007 0.033375065273102605
0 0.7350279141572826 0.3997752383799886 0.031561203029999235 0.028538099291493493
0 0.8104845834703839 0.6650828224712454 0.017775849982413376 0.025152223104367124
0 0.8175586462184873 0.6430746272549241 0.015236442842068527 0.03434245846942439
0 0.7948853681796948 0.6278381844128557 0.011971490804482272 0.023217436711723424
0 0.88848065992383 0.5465771559218234 0.02285466426310279 0.027087009497010827
0 0.9459800930302077 0.5262618987990655 0.020315257122758085 0.028054402693332463
0 0.9280228568234841 0.5124765457514797 0.02140357446862012 0.033375065273102536
0 0.9106097792896916 0.5199738430229737 0.02720793364655094 0.017413077533792672
13 0.9152926332470712 0.3330251078337836 0.0155992152906893 0.03144027888045887
13 0.9025955975453474 0.30255222214964655 0.019952484674137308 0.01789677413195353
0 0.9497560158660358 0.2994081942616006 0.017050305085171972 0.03289136867494165
0 0.8460030955605213 0.5456097627255017 0.01995248467413745 0.021282650319079933
0 0.8048284226420719 0.41065841183860813 0.023942981608968364 0.03482615506758387
0 0.8048284226420742 0.33350880443194447 0.01741307753379246 0.03530985166574609
0 0.6136473422189763 0.38937576151952913 0.013059808150344451 0.025152223104367197
