0 0.14010282776349614 0.5372750642673522 0.01285347043701801 0.013710368466152544
0 0.15424164524421596 0.658954584404456 0.014138817480719794 0.025706940874035952
8 0.45019280205655526 0.9048843187660668 0.022493573264781474 0.023993144815766955
8 0.5539845758354756 0.7532133676092545 0.023136246786632456 0.02570694087403609
14 0.7255784061696658 0.19494430162810628 0.01670951156812336 0.016281062553556113
14 0.7095115681233933 0.21165381319622967 0.015424164524421542 0.018851756640959713
8 0.7005141388174806 0.23393316195372751 0.012853470437018046 0.029134532990574086
0 0.2509640102827764 0.3419023136246787 0.01992287917737791 0.02570694087403602
0 0.23296915167095114 0.3461868037703513 0.022493573264781474 0.02742073693230509
5 0.2348971722365039 0.2639245929734361 0.012210796915167101 0.023993144815766917
0 0.1172879177377892 0.38731790916880887 0.013496143958868903 0.01713796058269068
0 0.49967866323907456 0.7309340188517567 0.0096401028277635 0.011996572407883549
14 0.46754498714652953 0.7103684661525278 0.0096401028277635 0.015424164524421542
14 0.6693444730077122 0.44387317909168805 0.010925449871465247 0.015424164524421542
