8 0.2233300507068634 0.6122198700904846 0.016489166766405106 0.021896647289395332
8 0.4955012853470437 0.5471293916023993 0.014138817480719865 0.02827763496143966
11 0.6908740359897172 0.39374464438731793 0.021850899742930637 0.01799485861182518
14 0.8955655526992288 0.5719794344473007 0.019922879177377978 0.02827763496143966
0 0.2969151670951157 0.2956298200514139 0.007712082262210771 0.01713796058269061
13 0.9190231362467867 0.39974293059125965 0.023136246786632314 0.01799485861182518
14 0.5973650385604112 0.7934875749785776 0.01863753213367609 0.032562125107112226
8 0.5122107969151671 0.11053984575835475 0.019280205655527 0.035989717223650394
14 0.5453084832904884 0.12724935732647816 0.018637532133676016 0.01799485861182518
14 0.7046915167095116 0.18980291345329905 0.021208226221079797 0.019708654670094247
