4 0.40936633944511414 0.4092865288257599 0.01887265034019947 0.024066243320703506
4 0.11020410060882568 0.39238306879997253 0.020079994574189186 0.026581991463899612
4 0.5153071284294128 0.3222953975200653 0.019680969417095184 0.02796199545264244
4 0.7777279019355774 0.5907264947891235 0.01867395080626011 0.02331884764134884
4 0.4441962242126465 0.22980690002441406 0.014255920425057411 0.019327474758028984
4 0.6052736639976501 0.7380063533782959 0.016196593642234802 0.020481932908296585
4 0.779095470905304 0.3532472252845764 0.015966612845659256 0.023346029222011566
7 0.5712590217590332 0.11224117130041122 0.021218566223978996 0.02577274665236473
7 0.3771328032016754 0.2841358184814453 0.017522156238555908 0.0265703946352005
8 0.4534244239330292 0.871575117111206 0.02042636089026928 0.027182942256331444
8 0.6509349942207336 0.19192086160182953 0.018793823197484016 0.02421748824417591
7 0.3428761661052704 0.5962340831756592 0.021290892735123634 0.02376570552587509
12 0.29819250106811523 0.5399669408798218 0.014042572118341923 0.01983845978975296
12 0.3763376772403717 0.5869055390357971 0.01638336107134819 0.02288309670984745
14 0.33355090022087097 0.2341792732477188 0.015541656874120235 0.02010013908147812
8 0.7829742431640625 0.5050621032714844 0.017660949379205704 0.019869588315486908
7 0.3163693845272064 0.641525387763977 0.025225860998034477 0.0302177332341671
7 0.3164733350276947 0.36436882615089417 0.022255340591073036 0.028320271521806717
12 0.9233232140541077 0.5338947176933289 0.016950257122516632 0.019642863422632217
8 0.4040193557739258 0.7369887828826904 0.019770599901676178 0.023094970732927322
14 0.5507720708847046 0.5522178411483765 0.016511229798197746 0.0226898193359375
12 0.19696035981178284 0.3206704556941986 0.014499145559966564 0.02204321324825287
4 0.15257009863853466 0.12254444589549486 0.013828445225954064 0.03299068686198799
7 0.8685640692710876 0.5133703947067261 0.019776184111833572 0.02468896470963955
13 0.6725950241088867 0.6615996360778809 0.015733886510133743 0.017116781324148178
4 0.35292550921440125 0.2509024143218994 0.014657104387879372 0.0212993361055851
0 0.9265621952655078 0.5881086478605164 0.01707916334271431 0.02004345692694187
12 0.4821052063246926 0.5780656010857381 0.019789570195547654 0.03429152053120849
8 0.5360090136528015 0.3939857482910156 0.017545288428664207 0.020882323384284973
12 0.8108798889084157 0.7305850116432273 0.019555721503795243 0.028596721610314336
8 0.4558870494365692 0.4267095625400543 0.018344787880778313 0.02366052195429802
4 0.49527883529663086 0.3965652585029602 0.01860198937356472 0.022100137546658516
12 0.3193856477737427 0.6120389699935913 0.01633630320429802 0.01731819659471512
4 0.558743417263031 0.765982449054718 0.017433959990739822 0.022746989503502846
8 0.38310104608535767 0.7205678820610046 0.018677612766623497 0.02212776616215706
4 0.5007581114768982 0.518169105052948 0.014963226392865181 0.020221639424562454
12 0.45850658416748047 0.3382408320903778 0.01305065955966711 0.019035644829273224
7 0.44989922642707825 0.652840793132782 0.01853732392191887 0.022936522960662842
4 0.510345458984375 0.6282248497009277 0.015858490020036697 0.020375041291117668
12 0.6350914239883423 0.6859502196311951 0.015821106731891632 0.02090633101761341
13 0.2268637532133676 0.20908311910882602 0.014138817480719794 0.023993144815766917
0 0.24164524421593833 0.1658097686375321 0.01285347043701801 0.021422450728363317
0 0.23296915167095114 0.13881748071979433 0.012210796915167101 0.017137960582690646
8 0.2686375321336761 0.32519280205655526 0.015424164524421578 0.02142245072836335
13 0.08643958868894601 0.36461011139674376 0.013496143958868903 0.033419023136246756
12 0.08708226221079692 0.3367609254498715 0.013496143958868884 0.023993144815766955
8 0.11760925449871465 0.4241645244215938 0.019280205655527016 0.01885175664095968
0 0.10089974293059126 0.4284490145672665 0.011568123393316209 0.010282776349614409
4 0.16163239074550126 0.5094258783204798 0.016066838046272503 0.029991431019708584
0 0.12596401028277635 0.5522707797772065 0.007712082262210806 0.012853470437017976
11 0.09575835475578405 0.5685518423307626 0.02699228791773779 0.02142245072836322
14 0.08836760925449871 0.5389888603256212 0.021208226221079682 0.02742073693230509
0 0.07005141388174807 0.5377035132819195 0.016709511568123395 0.014567266495287043
0 0.269280205655527 0.5505569837189375 0.01413881748071983 0.021422450728363317
6 0.21015424164524418 0.7240788346186804 0.016709511568123395 0.02570694087403609
0 0.1825192802056555 0.7802056555269923 0.007712082262210806 0.005998286203941774
0 0.19987146529562982 0.768637532133676 0.019280205655527 0.01713796058269068
0 0.3139460154241645 0.8684661525278492 0.0096401028277635 0.011139674378748765
0 0.3110539845758355 0.8281919451585261 0.020565552699228818 0.014567266495287043
0 0.35796915167095117 0.6520994001713796 0.00899742930591259 0.02570694087403602
0 0.359254498714653 0.6083976006855184 0.00899742930591259 0.023993144815766813
13 0.29659383033419023 0.4875749785775493 0.016066838046272524 0.01713796058269068
7 0.384318766066838 0.4250214224507283 0.015424164524421613 0.03598971722365036
12 0.43251928020565555 0.31790916880891174 0.014138817480719794 0.022279348757497815
12 0.43444730077120824 0.30591259640102825 0.015424164524421542 0.025706940874035952
12 0.49453727506426737 0.1379605826906598 0.023778920308483293 0.015424164524421578
0 0.48682519280205655 0.15467009425878323 0.016066838046272524 0.011139674378748942
0 0.4697943444730078 0.26178234790059984 0.01928020565552707 0.02656383890317052
0 0.615038560411311 0.1289631533847472 0.011568123393316157 0.012853470437017993
0 0.6304627249357326 0.1289631533847472 0.011568123393316228 0.014567266495287043
12 0.45340616966580977 0.09597257926306771 0.023778920308483293 0.01885175664095973
0 0.602827763496144 0.27420736932305056 0.01542416452442147 0.013710368466152544
0 0.6439588688946016 0.2557840616966581 0.015424164524421613 0.009425878320479874
0 0.5822622107969152 0.3106255355612682 0.012853470437018046 0.026563838903170486
12 0.5880462724935732 0.5728363324764353 0.014138817480719936 0.021422450728363317
12 0.6063624678663239 0.551413881748072 0.01863753213367616 0.02827763496143966
5 0.5919023136246787 0.7857754927163667 0.019280205655526926 0.022279348757497815
0 0.6330334190231363 0.8234790059982862 0.014138817480719722 0.023993144815766955
5 0.7432519280205656 0.6996572407883462 0.01478149100257056 0.029991431019708584
0 0.7332904884318765 0.6353898886032562 0.014138817480719722 0.023136246786632383
13 0.8952442159383034 0.5762639245929734 0.024421593830334275 0.026563838903170447
12 0.8766066838046273 0.5347043701799485 0.015424164524421542 0.018851756640959748
0 0.7037275064267351 0.5946872322193659 0.014138817480719722 0.01713796058269068
0 0.7223650385604113 0.7450728363324766 0.015424164524421684 0.017994858611825322
12 0.8852827763496143 0.6786632390745502 0.021208226221079797 0.01885175664095982
12 0.827120822622108 0.2763496143958869 0.021850899742930495 0.023136246786632383
12 0.8412596401028278 0.13196229648671806 0.011568123393316086 0.015424164524421595
12 0.6831619537275063 0.4237360754070265 0.01670951156812336 0.023136246786632383
6 0.7024421593830334 0.4138817480719794 0.015424164524421682 0.029134532990574086
4 0.4093830334190231 0.4695801199657241 0.016709511568123434 0.01713796058269068
13 0.3444730077120823 0.5398457583547558 0.012853470437018046 0.023993144815766882
12 0.6372107969151671 0.6726649528706085 0.016066838046272524 0.015424164524421684
0 0.627892030848329 0.6529562982005142 0.011568123393316157 0.013710368466152544
