4 0.28325220942497253 0.6429848074913025 0.02050982601940632 0.02926534041762352
12 0.8246172070503235 0.5096193552017212 0.01518096961081028 0.02225797437131405
4 0.7763382792472839 0.5331838130950928 0.015512634068727493 0.02298291027545929
8 0.2617255449295044 0.5710614323616028 0.017223084345459938 0.022124959155917168
7 0.7468670606613159 0.3116421401500702 0.019613463431596756 0.02639593556523323
7 0.3413078784942627 0.4237407147884369 0.021703246980905533 0.02720121294260025
12 0.5907282829284668 0.7916398048400879 0.018896300345659256 0.02161206118762493
8 0.6111551523208618 0.3289424180984497 0.017133178189396858 0.02127903327345848
8 0.21051809191703796 0.30029430985450745 0.022976256906986237 0.0268405769020319
4 0.4870171546936035 0.1958768367767334 0.015606231987476349 0.02269696071743965
12 0.527982771396637 0.4004653990268707 0.015064270235598087 0.019605956971645355
4 0.7200121283531189 0.7285913228988647 0.01384118665009737 0.01733374036848545
7 0.39803746342658997 0.2529694736003876 0.01777670346200466 0.02823002077639103
12 0.17543001472949982 0.37179362773895264 0.014489075168967247 0.02292557805776596
12 0.6350851599845295 0.4580515162139848 0.02476891330838406 0.021259256648961354
12 0.510972797870636 0.7475730776786804 0.017419250681996346 0.02525838278234005
12 0.20583028539747075 0.6261011362075807 0.022549812825621726 0.019855754449963573
8 0.6453629732131958 0.15764518082141876 0.01987658627331257 0.023448018357157707
6 0.41020989418029785 0.7491092681884766 0.0170749519020319 0.022804036736488342
8 0.15815359354019165 0.6193069815635681 0.024938248097896576 0.02687150053679943
12 0.8023391962051392 0.724766194820404 0.01599389687180519 0.021295897662639618
4 0.6535625457763672 0.19974397122859955 0.014010376296937466 0.023429647088050842
4 0.8718774914741516 0.6623345017433167 0.01377844251692295 0.02078120969235897
4 0.38561272621154785 0.3510083854198456 0.014130493625998497 0.018596231937408447
14 0.06646701693534851 0.4727720618247986 0.02207089588046074 0.028348470106720924
12 0.6786482658974616 0.39532253414315854 0.017881363405245133 0.020557388438242362
12 0.3329048843187661 0.6298200514138818 0.024421593830334203 0.018851756640959748
9 0.15488431876606687 0.5959725792630678 0.030848329048843173 0.01970865467009432
12 0.09736503856041132 0.5604113110539845 0.014781491002570686 0.032562125107112296
12 0.12178663239074553 0.5051413881748072 0.02634961439588688 0.023136246786632588
8 0.16323907455012854 0.2609254498714653 0.02185089974293058 0.021422450728363282
12 0.41002570694087404 0.3663239074550128 0.012853470437018046 0.012853470437017976
0 0.4434447300771208 0.4070265638389031 0.011568123393316157 0.011996572407883477
0 0.3267994858611825 0.3971722365038561 0.012210796915167068 0.011139674378748908
5 0.2734575835475579 0.27249357326478146 0.025064267352185077 0.025706940874035987
4 0.24517994858611827 0.273350471293916 0.02249357326478151 0.01713796058269061
6 0.25546272493573263 0.2236503856041131 0.02249357326478151 0.011996572407883477
7 0.25578406169665807 0.20736932305055697 0.023136246786632383 0.020565552699228783
0 0.2262210796915167 0.13838903170522707 0.010282776349614409 0.014567266495287062
14 0.14267352185089988 0.1439588688946016 0.020565552699228815 0.03084832904884329
12 0.16098971722365035 0.15809768637532134 0.014781491002570703 0.021422450728363334
0 0.12339331619537275 0.1803770351328192 0.00899742930591259 0.014567266495287043
0 0.23811053984575836 0.4541559554413025 0.014781491002570703 0.015424164524421542
12 0.24646529562982006 0.508140531276778 0.019922879177377874 0.023993144815766955
12 0.17095115681233936 0.5668380462724936 0.015424164524421578 0.019708654670094177
0 0.040809768637532134 0.5861182519280205 0.014781491002570696 0.010282776349614409
4 0.16773778920308482 0.7202227934875749 0.024421593830334185 0.01799485861182518
14 0.20404884318766064 0.7553556126820908 0.022493573264781474 0.017994858611825322
12 0.3640745501285347 0.7900599828620395 0.013496143958868884 0.023993144815766955
14 0.2953084832904884 0.7686375321336761 0.01735218508997427 0.020565552699228818
12 0.30623393316195374 0.43958868894601544 0.021208226221079728 0.01713796058269068
0 0.3261568123393316 0.4284490145672665 0.0096401028277635 0.011996572407883477
12 0.5649100257069408 0.6585261353898886 0.014138817480719865 0.01628106255355604
12 0.5089974293059126 0.6139674378748928 0.01799485861182518 0.02827763496143966
12 0.5006426735218509 0.5621251071122536 0.011568123393316228 0.015424164524421613
12 0.5109254498714653 0.5509854327335048 0.00899742930591259 0.02570694087403588
14 0.4987146529562982 0.4618680377035133 0.015424164524421613 0.022279348757497885
5 0.47686375321336755 0.4515852613538989 0.015424164524421613 0.02913453299057416
0 0.4524421593830334 0.30377035132819197 0.02313624678663238 0.021422450728363282
12 0.4508354755784062 0.2090831191088261 0.021208226221079655 0.029134532990574086
12 0.5430591259640103 0.2574978577549272 0.015424164524421613 0.024850042844901454
0 0.34350899742930596 0.220222793487575 0.010925449871465319 0.015424164524421578
13 0.5687660668380463 0.14095972579263066 0.019280205655527 0.01799485861182518
13 0.6606683804627249 0.10711225364181662 0.015424164524421684 0.02913453299057414
13 0.7532133676092545 0.37874892887746353 0.02570694087403609 0.020565552699228745
0 0.8650385604113111 0.4717223650385604 0.02056555269922896 0.028277634961439587
4 0.8714652956298201 0.6958011996572406 0.012853470437017905 0.020565552699228676
0 0.8232647814910026 0.34575835475578404 0.00899742930591259 0.019708654670094247
12 0.7027634961439588 0.2759211653813196 0.019922879177377836 0.023993144815766917
12 0.36728791773778924 0.5171379605826907 0.022493573264781474 0.019708654670094177
12 0.36182519280205655 0.6803770351328191 0.012853470437018046 0.030848329048843225
10 0.23746786632390746 0.6769494430162811 0.019922879177377874 0.01713796058269054
0 0.6751285347043702 0.7352185089974292 0.010925449871465247 0.02742073693230509
12 0.6317480719794344 0.5998286203941732 0.014138817480719865 0.030848329048843156
0 0.5983290488431876 0.422879177377892 0.010282776349614409 0.016281062553556113
11 0.6041131105398457 0.4138817480719794 0.017994858611825107 0.03598971722365036
12 0.6327120822622109 0.2879177377892031 0.01863753213367616 0.020565552699228783
13 0.6677377892030847 0.2934875749785775 0.021850899742930637 0.02485004284490149
13 0.7599614395886889 0.34875749785775495 0.023778920308483435 0.022279348757497885
5 0.8926735218508998 0.6015424164524421 0.024421593830334133 0.023993144815767024
13 0.3258354755784062 0.7296486718080548 0.0218508997429306 0.028277634961439445
12 0.40616966580976865 0.8324764353041988 0.023136246786632383 0.035132819194516
0 0.3801413881748072 0.8311910882604971 0.021208226221079655 0.023993144815766955
