8 0.6463531255722046 0.24904675781726837 0.018653687089681625 0.02122764103114605
0 0.5703727506426735 0.7000856898029135 0.013496143958868884 0.01885175664095968
11 0.365038560411311 0.25492716366752355 0.015424164524421613 0.024850042844901454
8 0.4617609254498714 0.1405312767780634 0.01735218508997427 0.030848329048843173
14 0.8669665809768636 0.13110539845758354 0.021850899742930637 0.029134532990574103
0 0.5437017994858612 0.3663239074550128 0.012853470437017976 0.012853470437017976
0 0.5218508997429306 0.3427592116538132 0.015424164524421613 0.023993144815766955
13 0.230719794344473 0.22536418166238217 0.014138817480719794 0.022279348757497885
14 0.5925449871465296 0.6049700085689803 0.011568123393316086 0.02742073693230509
6 0.6188946015424165 0.5629820051413882 0.011568123393316157 0.029134532990574086
