4 0.16912661492824554 0.3592137098312378 0.02595573477447033 0.02691495791077614
4 0.9714651703834534 0.4247888922691345 0.019820190966129303 0.02104618400335312
8 0.41980400681495667 0.6004159450531006 0.02396639995276928 0.0244646817445755
4 0.8417486548423767 0.7794298529624939 0.021724671125411987 0.02622273750603199
4 0.8578556180000305 0.22930856049060822 0.018175475299358368 0.02382621169090271
7 0.7081890106201172 0.13726645708084106 0.020460082218050957 0.0330393984913826
4 0.7671396732330322 0.7473346590995789 0.01988934352993965 0.022300049662590027
12 0.17982928454875946 0.6488732695579529 0.025371598079800606 0.02438814379274845
4 0.7219231128692627 0.33427950739860535 0.018157226964831352 0.02710648626089096
4 0.1957464963197708 0.8587156534194946 0.021135589107871056 0.03237329050898552
7 0.7241868376731873 0.13951900601387024 0.014641601592302322 0.03235502168536186
7 0.7781071662902832 0.33074304461479187 0.02036462351679802 0.03116774559020996
1 0.44645071029663086 0.10578419268131256 0.016685303300619125 0.027387145906686783
7 0.556334376335144 0.38721370697021484 0.02070159837603569 0.030627237632870674
4 0.5989624261856079 0.2851925194263458 0.01972845382988453 0.02813517302274704
0 0.22308672964572906 0.6418229937553406 0.021062850952148438 0.030137410387396812
4 0.5917887091636658 0.1733962595462799 0.01377252209931612 0.020776866003870964
12 0.8749849796295166 0.6264031529426575 0.015679016709327698 0.02297310344874859
0 0.49494415521621704 0.42739245295524597 0.0220947265625 0.025711344555020332
0 0.22099561989307404 0.11548954248428345 0.026814453303813934 0.0267676692456007
0 0.15648603439331055 0.6522021293640137 0.024055633693933487 0.030301189050078392
12 0.5019465088844299 0.08051646500825882 0.020464813336730003 0.02015056274831295
7 0.3432392477989197 0.563770592212677 0.022971710190176964 0.02207287587225437
8 0.6170849800109863 0.6011656522750854 0.017770569771528244 0.02681119740009308
12 0.5434241890907288 0.7221463322639465 0.014833435416221619 0.023420654237270355
13 0.8921746015548706 0.40966907143592834 0.022312743589282036 0.022116048261523247
4 0.27434200048446655 0.26855888962745667 0.01673785410821438 0.024199239909648895
4 0.33927279710769653 0.31207212805747986 0.013669800013303757 0.02266870066523552
8 0.48416271805763245 0.16179674863815308 0.024053191766142845 0.02365059405565262
0 0.11738505214452744 0.37987297773361206 0.024568229913711548 0.02431359887123108
4 0.5244982838630676 0.8234426975250244 0.018326416611671448 0.020153319463133812
4 0.8784139752388 0.3255854845046997 0.013805786147713661 0.02250189147889614
4 0.858706533908844 0.6693869829177856 0.01641729660332203 0.02213895693421364
11 0.3936775028705597 0.7156069278717041 0.01922347955405712 0.02274690754711628
0 0.31940874035989714 0.8573264781491002 0.010282776349614373 0.02142245072836346
0 0.41420308483290486 0.8530419880034276 0.01606683804627245 0.023136246786632456
12 0.41291773778920304 0.8200514138817481 0.021208226221079728 0.029134532990574086
0 0.3149100257069409 0.8059125964010283 0.007712082262210735 0.01628106255355604
4 0.22943444730077117 0.8106255355612683 0.011568123393316192 0.023993144815766955
14 0.1648457583547558 0.7416452442159382 0.028920308483290497 0.024850042844901596
0 0.15038560411311053 0.5072836332476435 0.023136246786632366 0.01713796058269061
13 0.15874035989717225 0.4528706083976007 0.019280205655527 0.01970865467009432
4 0.07230077120822621 0.42587832047986285 0.01992287917737789 0.015424164524421613
12 0.2589974293059126 0.363324764353042 0.0218508997429306 0.022279348757497815
0 0.21433161953727506 0.14781491002570693 0.021208226221079728 0.026563838903170503
12 0.28631105398457585 0.14567266495287062 0.01735218508997427 0.023993144815766955
6 0.3110539845758355 0.12682090831191087 0.020565552699228818 0.017137960582690646
0 0.36246786632390743 0.14267352185089976 0.01799485861182518 0.026563838903170503
0 0.38817480719794345 0.14395886889460155 0.019280205655527 0.0205655526992288
12 0.39010282776349614 0.11482433590402742 0.021850899742930564 0.020565552699228818
0 0.27345758354755784 0.21122536418166238 0.013496143958868884 0.012853470437017976
12 0.30976863753213363 0.2840616966580977 0.01799485861182518 0.03170522707797769
5 0.3213367609254499 0.5111396743787489 0.015424164524421578 0.01970865467009432
4 0.23136246786632392 0.5616966580976863 0.01799485861182518 0.021422450728363244
0 0.1818766066838046 0.5895458440445587 0.011568123393316192 0.01713796058269068
11 0.1346401028277635 0.5796915167095116 0.01992287917737791 0.03341902313624679
4 0.36793059125964006 0.5462724935732648 0.01992287917737791 0.01799485861182525
0 0.4055269922879177 0.5154241645244215 0.014138817480719865 0.017994858611825107
12 0.33451156812339333 0.4970008568980292 0.0096401028277635 0.020565552699228818
4 0.2731362467866324 0.50471293916024 0.011568123393316192 0.02913453299057416
0 0.4283419023136247 0.4383033419023136 0.021208226221079655 0.024850042844901454
12 0.4238431876606684 0.3367609254498714 0.014781491002570703 0.02570694087403602
0 0.43123393316195374 0.2969151670951157 0.021850899742930564 0.026563838903170486
14 0.5067480719794344 0.1443873179091688 0.02634961439588693 0.023136246786632383
0 0.4704370179948586 0.14138817480719795 0.008997429305912519 0.011996572407883458
12 0.5469151670951157 0.16066838046272494 0.014138817480719722 0.014567266495287043
12 0.5751928020565553 0.21422450728363324 0.021850899742930637 0.023993144815766917
6 0.6555269922879177 0.2150814053127678 0.019280205655527 0.029134532990574124
13 0.6224293059125965 0.14652956298200515 0.013496143958868884 0.018851756640959713
4 0.7975578406169666 0.23907455012853468 0.021850899742930637 0.015424164524421578
13 0.9405526992287918 0.37617823479005996 0.010925449871465247 0.022279348757497815
13 0.9588688946015423 0.3946015424164524 0.015424164524421684 0.01799485861182518
5 0.625642673521851 0.47557840616966585 0.01992287917737791 0.015424164524421613
4 0.6092544987146529 0.4502999143101971 0.017994858611825107 0.011139674378748908
0 0.5366323907455013 0.6285347043701799 0.021850899742930564 0.017994858611825107
0 0.5067480719794344 0.6765209940017138 0.01092544987146539 0.011139674378748908
9 0.5372750642673522 0.6988003427592117 0.012853470437018046 0.031705227077977585
5 0.4778277634961439 0.7339331619537275 0.021208226221079655 0.01799485861182518
11 0.6625964010282775 0.7463581833761782 0.024421593830334133 0.02742073693230509
0 0.8043059125964009 0.8161953727506428 0.014781491002570845 0.019708654670094177
0 0.8107326478149101 0.7677806341045417 0.009640102827763428 0.01885175664095968
10 0.780848329048843 0.7232219365895459 0.014138817480719722 0.02742073693230509
12 0.7827763496143959 0.6670951156812339 0.023136246786632456 0.023136246786632314
0 0.8001285347043702 0.5895458440445587 0.016709511568123503 0.013710368466152615
0 0.8306555269922878 0.5955441302485004 0.010925449871465247 0.02570694087403602
0 0.8071979434447301 0.540274207369323 0.007712082262210771 0.00942587832047984
12 0.6561696658097687 0.5732647814910026 0.014138817480719865 0.018851756640959748
12 0.6767352185089976 0.6345329905741217 0.01670951156812336 0.019708654670094247
14 0.6767352185089976 0.4241645244215938 0.01670951156812336 0.01885175664095968
0 0.7355398457583547 0.5895458440445587 0.010925449871465247 0.01713796058269068
6 0.5125321336760926 0.5222793487574978 0.014781491002570632 0.024850042844901454
4 0.46979434447300766 0.4695801199657241 0.021850899742930637 0.01713796058269068
4 0.44408740359897175 0.44644387317909173 0.011568123393316228 0.015424164524421542
12 0.2911311053984576 0.42544987146529567 0.023136246786632383 0.019708654670094247
0 0.5649100257069409 0.36418166238217653 0.011568123393316157 0.011996572407883406
4 0.8216580976863753 0.2377892030848329 0.013496143958869026 0.021422450728363317
13 0.3444730077120823 0.5299914310197087 0.025706940874035952 0.01970865467009432
