4 0.8666284680366516 0.3341129720211029 0.019649170339107513 0.02288627065718174
4 0.11764364689588547 0.5564903020858765 0.022571472451090813 0.024518311023712158
4 0.7551692128181458 0.3223719894886017 0.0222089234739542 0.0264204703271389
4 0.6080411672592163 0.584583580493927 0.016250060871243477 0.0212760828435421
12 0.5231017117941592 0.6979058060057675 0.018056378065390778 0.025539770497339857
7 0.6795800924301147 0.21264813840389252 0.0219649039208889 0.027312541380524635
7 0.31574109196662903 0.517351508140564 0.022695159539580345 0.022029541432857513
12 0.5753135734781201 0.8085439043261604 0.019402741004442337 0.023614660622081382
7 0.7876636385917664 0.2357187122106552 0.02135363779962063 0.023182841017842293
4 0.7495803236961365 0.6117599606513977 0.014722716994583607 0.02144523151218891
7 0.7389549612998962 0.4084304869174957 0.017107971012592316 0.02774772047996521
4 0.8004873448594982 0.317252993583679 0.022043121528541366 0.02006722055375575
8 0.5419778823852539 0.6589990854263306 0.020795471966266632 0.02360152266919613
4 0.7340641021728516 0.13594110310077667 0.017452454194426537 0.021548766642808914
7 0.7652020454406738 0.6212080717086792 0.019278015941381454 0.02577945962548256
0 0.10857889801263809 0.3272814452648163 0.018157867714762688 0.01790873147547245
13 0.07783693075180054 0.365043580532074 0.028647255152463913 0.02428881824016571
8 0.8354926705360413 0.5525661706924438 0.01688348315656185 0.01913883537054062
4 0.5981207489967346 0.12181154638528824 0.013951598666608334 0.017594147473573685
4 0.36078429222106934 0.3132536709308624 0.0162357185035944 0.02192637138068676
0 0.903455913066864 0.30615532398223877 0.021483642980456352 0.02451680414378643
13 0.43651795387268066 0.11289285123348236 0.014348297379910946 0.021356159821152687
8 0.6706934571266174 0.40046432614326477 0.019738098606467247 0.020175781100988388
14 0.39676153659820557 0.2365449219942093 0.016879485920071602 0.02537766471505165
5 0.3084832904884319 0.7215081405312768 0.017994858611825145 0.029134532990574086
8 0.40841902313624673 0.36246786632390743 0.014781491002570632 0.025706940874035952
12 0.21497429305912596 0.766923736075407 0.01863753213367609 0.03598971722365036
0 0.4023136246786633 0.7497857754927163 0.01799485861182518 0.022279348757497815
5 0.37789203084832906 0.596401028277635 0.021850899742930564 0.020565552699228745
5 0.49293059125964006 0.5398457583547558 0.01670951156812336 0.013710368466152615
0 0.4987146529562982 0.5218508997429305 0.012853470437018117 0.011996572407883549
0 0.35764781491002573 0.5278491859468724 0.012210796915167067 0.020565552699228745
0 0.5571979434447301 0.48843187660668375 0.019280205655527 0.01713796058269068
0 0.20115681233933164 0.43701799485861187 0.00899742930591259 0.018851756640959748
0 0.1513496143958869 0.5921165381319624 0.008354755784061698 0.00856898029134534
8 0.25867609254498714 0.6409597257926307 0.01735218508997427 0.020565552699228818
14 0.32294344473007713 0.6212510711225364 0.022493573264781547 0.01713796058269054
0 0.38624678663239076 0.8389031705227077 0.00899742930591259 0.015424164524421542
0 0.45469151670951147 0.7900599828620395 0.021208226221079728 0.01885175664095968
0 0.5941516709511567 0.7947729220222794 0.012210796915167138 0.01628106255355604
0 0.6311053984575835 0.7934875749785775 0.012853470437017976 0.01713796058269068
4 0.6102185089974292 0.7797772065124249 0.01735218508997434 0.020565552699228676
0 0.4910025706940874 0.5732647814910026 0.012853470437017976 0.022279348757497885
12 0.34286632390745503 0.3928877463581834 0.02634961439588693 0.016281062553556113
0 0.2474293059125964 0.40059982862039417 0.01670951156812336 0.012853470437017976
0 0.20726221079691518 0.3410454155955441 0.022493573264781474 0.023993144815766882
0 0.17159383033419026 0.24507283633247645 0.016709511568123395 0.010282776349614444
12 0.22750642673521854 0.20822622107969152 0.017994858611825214 0.018851756640959713
0 0.15231362467866322 0.19708654670094258 0.008997429305912607 0.013710368466152544
0 0.17095115681233936 0.1705227077977721 0.017994858611825214 0.015424164524421578
12 0.18605398457583547 0.1293916023993145 0.016066838046272486 0.018851756640959748
6 0.27956298200514135 0.16281062553556125 0.021850899742930564 0.010282776349614373
0 0.3010925449871465 0.15895458440445587 0.004498714652956295 0.0059982862039417205
0 0.4286632390745501 0.15295629820051412 0.014138817480719722 0.024850042844901454
4 0.37435732647814907 0.220222793487575 0.012210796915167067 0.025706940874035987
12 0.4408740359897172 0.3701799485861183 0.012853470437017976 0.02742073693230502
0 0.2927377892030848 0.40745501285347047 0.021208226221079693 0.021422450728363244
5 0.27827763496143965 0.44772922022279354 0.020565552699228818 0.028277634961439663
13 0.25192802056555275 0.5668380462724936 0.017994858611825214 0.023136246786632383
4 0.413560411311054 0.4648671808054841 0.010925449871465315 0.016281062553556158
13 0.48843187660668375 0.35218508997429304 0.015424164524421613 0.029134532990574086
0 0.5202442159383034 0.18466152527849186 0.012210796915167138 0.02656383890317052
11 0.6166452442159382 0.20865467009425878 0.014781491002570632 0.026563838903170555
8 0.773457583547558 0.19494430162810628 0.016066838046272524 0.021422450728363317
0 0.8772493573264782 0.19751499571550987 0.019280205655527 0.019708654670094285
0 0.8714652956298201 0.22579263067694946 0.00899742930591259 0.02142245072836335
0 0.9376606683804627 0.24507283633247645 0.015424164524421684 0.015424164524421578
0 0.8345115681233933 0.34704370179948585 0.012210796915167067 0.01713796058269068
8 0.8325835475578407 0.36846615252784914 0.013496143958868884 0.018851756640959748
8 0.7933804627249357 0.5141388174807199 0.02249357326478133 0.018851756640959748
0 0.8348329048843187 0.696229648671808 0.00899742930591259 0.014567266495287043
13 0.6555269922879177 0.6469580119965724 0.015424164524421684 0.023993144815766882
12 0.6098971722365039 0.6276778063410454 0.019280205655527 0.021422450728363386
12 0.5263496143958869 0.4605826906598115 0.01670951156812336 0.011139674378748908
0 0.5456298200514139 0.2969151670951157 0.014138817480719794 0.016281062553556113
0 0.5642673521850899 0.30248500428449016 0.010282776349614338 0.015424164524421578
0 0.5067480719794345 0.30719794344473006 0.01735218508997427 0.01799485861182518
12 0.653598971722365 0.34747215081405314 0.011568123393316228 0.021422450728363317
12 0.6034704370179949 0.40102827763496135 0.029562982005141264 0.011996572407883477
0 0.6818766066838046 0.6101113967437876 0.019280205655526857 0.022279348757497815
12 0.6510282776349615 0.5501285347043702 0.01670951156812336 0.02913453299057416
0 0.7551413881748072 0.4987146529562982 0.011568123393316086 0.015424164524421613
12 0.3846401028277635 0.6448157669237361 0.016066838046272524 0.02656383890317052
0 0.35218508997429304 0.6915167095115681 0.010282776349614409 0.013710368466152402
11 0.432840616966581 0.6666666666666665 0.021208226221079728 0.01885175664095968
0 0.43059125964010275 0.6855184233076264 0.012853470437017976 0.015424164524421542
12 0.5167095115681234 0.7352185089974292 0.012853470437017976 0.030848329048843083
0 0.04787917737789203 0.5946872322193659 0.012210796915167084 0.01713796058269068
0 0.06426735218508994 0.4914310197086546 0.02570694087403598 0.017994858611825225
0 0.05848329048843188 0.5184233076263924 0.0218508997429306 0.01713796058269068
12 0.21690231362467874 0.25535561268209084 0.023778920308483397 0.020565552699228853
