8 0.622868001461029 0.6831972599029541 0.016248900443315506 0.0208282470703125
14 0.1677377892030848 0.389031705227078 0.016709511568123395 0.023993144815766882
0 0.41227506426735216 0.2485004284490146 0.012210796915167067 0.01371036846615251
14 0.7175449871465296 0.23993144815766926 0.018637532133676016 0.01713796058269068
0 0.6076478149100257 0.421165381319623 0.0173521850899742 0.012853470437017976
0 0.15745501285347044 0.3307626392459298 0.011568123393316209 0.020565552699228745
8 0.7124035989717222 0.3821765209940017 0.022493573264781474 0.03427592116538129
14 0.47879177377892035 0.4267352185089975 0.021850899742930564 0.020565552699228745
0 0.6854113110539845 0.7510711225364182 0.013496143958868884 0.014567266495287185
0 0.5359897172236504 0.7922022279348758 0.00899742930591259 0.014567266495287043
