4 0.798521850899743 0.10325621251071122 0.019922879177377978 0.0231362467866324
4 0.13431876606683807 0.8037703513281919 0.014138817480719794 0.02742073693230509
4 0.4993573264781492 0.7420736932305055 0.012853470437017976 0.023993144815766955
4 0.22782776349614395 0.4053127677806341 0.018637532133676124 0.025706940874035952
0 0.18862467866323906 0.24164524421593833 0.023778920308483293 0.03084832904884319
0 0.2120822622107969 0.2262210796915167 0.020565552699228783 0.029134532990574124
0 0.17577120822622105 0.30634104541559554 0.027634961439588716 0.024850042844901415
7 0.05687660668380462 0.6345329905741217 0.03149100257069408 0.036846615252785
0 0.042416452442159386 0.4532990574121679 0.02699228791773779 0.03598971722365036
0 0.07647814910025706 0.34918594687232213 0.020565552699228783 0.02656383890317052
0 0.07872750642673522 0.2986289631533847 0.025064267352185095 0.028277634961439587
0 0.30073143095277466 0.16466558953477123 0.02154868344806836 0.0319239754786198
0 0.24606162294563824 0.14923566805343833 0.028731577930757837 0.02021851780312586
12 0.393310959840772 0.11278912938201405 0.011971490804482414 0.017558186513240894
14 0.38752473928527226 0.1340717797010939 0.02274583252851663 0.012237523933470875
0 0.3753537236340484 0.3737676289197308 0.019952484674137308 0.025539180382895807
0 0.22271721587689755 0.43309301668416594 0.01875533559368911 0.017558186513240842
12 0.09142986672107362 0.36419043627614484 0.01795723620672364 0.03618050554243574
0 0.20994762568544964 0.32721183134674364 0.021149633754585614 0.03139190922064284
0 0.17263647934481274 0.14604327050557636 0.02474108099593032 0.03618050554243576
0 0.26501648338606876 0.22372494417021785 0.022745832528516596 0.019154385287171928
0 0.30951052420939507 0.2412831306834587 0.026337279769861333 0.025539180382895807
0 0.39630383254189266 0.3115158767364222 0.02035153436762009 0.035116373026481754
0 0.41226582028120257 0.3538151442455934 0.02114963375458558 0.030327776704688815
0 0.41086914635401295 0.3325324939265136 0.02394298160896483 0.025007114124918885
0 0.35779553712080747 0.2106893208497814 0.019952484674137308 0.03777670431636672
0 0.37675039756123796 0.2271833748470683 0.021149633754585652 0.033520174252550806
0 0.4014914785571685 0.15748269505208187 0.03391922394603348 0.022878849093010724
0 0.4749166221579938 0.1106608643501061 0.019553434980654528 0.0345843067685048
0 0.4924748086712347 0.12635681896042747 0.02434203130244761 0.018090252771217886
0 0.5311826289390613 0.13114541528222046 0.015562938045827224 0.02447504786694186
0 0.4380045255108398 0.3091215785755258 0.01915438528717189 0.026071246640872837
0 0.45576223687082207 0.26096958222860756 0.01715913681975813 0.02447504786694186
0 0.5351731258738888 0.2591073503256881 0.02434203130244761 0.032456041736596754
0 0.5122277684986308 0.1957914656264255 0.022346782835033777 0.026071246640872837
0 0.5423560203565782 0.16892211959858716 0.02114963375458572 0.021282650319079846
0 0.5658999522720604 0.16147319198690924 0.015562938045827224 0.032988107994573815
13 0.6147835397236969 0.18461807420890858 0.02154868344806836 0.018622319029194864
0 0.6435151176544547 0.12555871957346196 0.015163888352344373 0.03458430676850476
12 0.7384889447033484 0.1415207073127719 0.01755818651324091 0.017558186513240894
0 0.7582419045307444 0.17982947788711562 0.014764838658861806 0.021814716577056855
0 0.6842181863896947 0.15296013185927726 0.014365788965378955 0.023410915350987816
0 0.6179759372715589 0.2841144644506069 0.019154385287171963 0.026071246640872837
0 0.5674961510459913 0.29209545832026185 0.01795723620672369 0.027135379156826785
0 0.5559237099349916 0.36232820437322544 0.017957236206723622 0.025007114124918885
0 0.5888453096473183 0.3788222583705123 0.028731577930757767 0.02394298160896483
0 0.41865061537692655 0.44559657374662537 0.014764838658861664 0.03298810799457378
0 0.401291953710427 0.43123078478124655 0.01915438528717189 0.024475047866941893
0 0.11676952225722807 0.44932103755246433 0.025539180382895824 0.023410915350987906
0 0.10020895997769408 0.5778150388539091 0.021947733141551105 0.02075058406110294
0 0.12774338882800365 0.5871261983685065 0.01715913681975815 0.00851306012763196
0 0.21533479654746668 0.6288933996197007 0.01755818651324091 0.021814716577056928
0 0.21593337108769084 0.5698340449842542 0.021149633754585614 0.022878849093010915
0 0.20835142691151862 0.508912458445888 0.02194773314155114 0.027667445414803708
0 0.24107350177710388 0.5674397468233576 0.01875533559368911 0.02553918038289588
0 0.3085128999756882 0.5466891627622548 0.024342031302447643 0.018090252771217907
0 0.3170924683855673 0.515829319799589 0.007182894482689477 0.028731577930757837
0 0.3416340245347563 0.48417137744995764 0.023543931915482118 0.030327776704688746
0 0.3707646521589968 0.5381761026346228 0.024342031302447678 0.03298810799457371
0 0.2911542383091887 0.6461855530039532 0.027933478543792346 0.02766744541480378
0 0.27199985302201685 0.6512401824547345 0.02394298160896483 0.0292636441887349
0 0.2548407162022587 0.6483138180358611 0.011971490804482449 0.03192397547861972
13 0.40448435125828897 0.5097105578328535 0.020750584061102872 0.020750584061102872
0 0.5597146820230777 0.5270027112171058 0.02314488222199941 0.028731577930757767
0 0.46334418104699426 0.5953732253671499 0.025938230076378587 0.027135379156826928
0 0.41605679236928866 0.6528363812286656 0.020750584061102872 0.026071246640872944
13 0.4964653056060622 0.6539005137446194 0.027534428850309496 0.013301656449424968
0 0.1227552676594693 0.6908791186740209 0.024741080995930354 0.025539180382895807
0 0.19797613488096716 0.7105655702191698 0.021149633754585614 0.02766744541480378
0 0.22950106066610423 0.7302520217643185 0.021149633754585614 0.018090252771217764
0 0.17183837995784723 0.7400952475368929 0.01755818651324091 0.019686451545148885
0 0.1878003676971571 0.7347745849571231 0.02234678283503385 0.023942981608964686
0 0.25583834043596554 0.7472781420195824 0.02514013068941306 0.02341091535098798
12 0.2364844303020523 0.8369313064887064 0.020750584061102872 0.03245604173659672
0 0.3348501797455496 0.7472781420195824 0.02114963375458558 0.022346782835033708
0 0.3859285405113411 0.6097390143325288 0.02354393191548205 0.029263644188734686
0 0.36956750307854863 0.7730833555314667 0.031524925785136944 0.019686451545148743
0 0.5070401224833551 0.7940999727215581 0.026337279769861367 0.028731577930757767
0 0.4781090197058559 0.6302235652646432 0.01715913681975813 0.029795710446711823
0 0.6054058719268522 0.8590120561947517 0.02354393191548205 0.03298810799457371
0 0.7093583170791081 0.8619384206136251 0.030327776704688888 0.028199511672780772
0 0.6237621578270586 0.7164182990569167 0.013168639884930755 0.02341091535098798
0 0.6483037139762476 0.6948696156088482 0.027933478543792346 0.02394298160896483
0 0.6646647514090404 0.7148221002829857 0.020750584061103014 0.028731577930757767
0 0.6778333912939709 0.7754776536923632 0.02154868344806829 0.03085984296266588
0 0.5581184832491466 0.7456819432456515 0.016760087126275282 0.02447504786694182
0 0.5543275111610606 0.6581570438084355 0.022745832528516557 0.036712571800412805
0 0.7396860937837968 0.7645702954038347 0.02234678283503385 0.022878849093010984
0 0.6377288970989548 0.7435536782137436 0.02354393191548219 0.030859842962665737
0 0.5704890237471117 0.40808590255924715 0.027135379156826858 0.02394298160896483
0 0.683220562155988 0.6405988572951945 0.02434203130244754 0.022878849093010772
0 0.7650257493199512 0.6882187873841358 0.02114963375458558 0.015961987739309933
0 0.7650257493199512 0.6187841407181378 0.01955343498065446 0.022878849093010915
0 0.7957525757181239 0.5168934523155436 0.030726826398169663 0.03511637302648175
0 0.6858143851636259 0.5275347774750828 0.01676008712627535 0.027667445414803923
0 0.5184130387476134 0.37429969517770784 0.028332528237275056 0.03298810799457378
0 0.609994943401904 0.5360478376027148 0.02154868344806836 0.023410915350987837
0 0.6538904096850061 0.34210968657009955 0.01995248467413745 0.020750584061102872
0 0.8010737277988506 0.271344874259159 0.013966739271896102 0.03564843928445878
13 0.7695488020137136 0.2327700705558268 0.02434203130244754 0.020218517803125877
0 0.8040666004999713 0.17184848401746067 0.027135379156826928 0.03352017425255074
0 0.8258148087947808 0.1558864962781508 0.028332528237275056 0.021814716577056855
0 0.849358740710263 0.18355394169295458 0.018755335593689183 0.029263644188734794
0 0.8389834486797116 0.22425701042819482 0.024342031302447678 0.034052240510527805
0 0.8896627597520205 0.25245652210097563 0.011572441110999563 0.03511637302648182
0 0.9064228468782958 0.2303757723949303 0.011572441110999563 0.035648439284458745
12 0.7922946345422303 0.3346607589584216 0.013966739271896244 0.021814716577056855
14 0.7863088891399889 0.35567737614851297 0.01955343498065446 0.025539180382895807
0 0.9301663036405193 0.42112152587968354 0.027135379156826928 0.02766744541480378
0 0.9513159373951049 0.3785562252415239 0.02154868344806829 0.02447504786694182
0 0.8709074241583314 0.49614286825444 0.025938230076378518 0.027667445414803708
0 0.8828789149628138 0.5347176719577723 0.0227458325285167 0.03990496934827483
0 0.8906603839857271 0.6211784388790342 0.02075058406110273 0.029795710446711823
0 0.8320000790437634 0.6299575321356548 0.01995248467413745 0.034584306768504686
0 0.8559430606527283 0.6610834082273089 0.021548683448068432 0.026603312898849794
13 0.8270119578752292 0.6852924229652622 0.013966739271896102 0.028199511672780772
0 0.8240190851741086 0.7826605481750526 0.02314488222199941 0.02926364418873476
0 0.7873065133736958 0.7595156659530534 0.02474108099593039 0.026603312898849794
