4 0.1301413881748072 0.7977720651242501 0.016066838046272503 0.032562125107112226
4 0.7005141388174807 0.7647814910025708 0.023136246786632456 0.02313624678663243
4 0.4039203084832905 0.7716366752356469 0.016066838046272524 0.023136246786632456
4 0.9080976863753213 0.5171379605826907 0.024421593830334133 0.028277634961439587
4 0.717866323907455 0.16538131962296487 0.01670951156812336 0.017137960582690664
4 0.14524421593830333 0.696229648671808 0.02699228791773779 0.019708654670094177
0 0.14267352185089976 0.11439588688946016 0.0205655526992288 0.03513281919451586
0 0.18059125964010284 0.13153384747215083 0.024421593830334168 0.03170522707797771
0 0.1282133676092545 0.18209083119108826 0.01863753213367609 0.024850042844901454
0 0.27313624678663234 0.19494430162810622 0.02570694087403598 0.028277634961439587
0 0.17930591259640102 0.3033419023136247 0.021850899742930564 0.032562125107112184
0 0.20886889460154243 0.30248500428449016 0.0218508997429306 0.027420736932305054
0 0.21979434447300772 0.4395886889460154 0.028277634961439587 0.04113110539845757
7 0.11439588688946017 0.48971722365038567 0.025706940874036004 0.03513281919451586
0 0.19826478149100257 0.5531276778063411 0.025064267352185112 0.03341902313624679
0 0.20244215938303342 0.6285347043701799 0.0218508997429306 0.031705227077977655
0 0.14460154241645246 0.6653813196229649 0.011568123393316174 0.029991431019708727
13 0.15777634961439588 0.6692373607540704 0.013496143958868884 0.02742073693230509
4 0.20404884318766064 0.7167952013710368 0.02377892030848326 0.024850042844901454
0 0.30848329048843187 0.7232219365895457 0.023136246786632383 0.03427592116538136
7 0.2924164524421594 0.7373607540702656 0.019280205655527 0.021422450728363317
0 0.29884318766066836 0.5115681233933163 0.026992287917737768 0.022279348757497815
0 0.33226221079691515 0.6580976863753213 0.016709511568123434 0.023993144815766955
0 0.37692802056555264 0.7270779777206513 0.022493573264781547 0.024850042844901596
0 0.3354755784061696 0.7133676092544988 0.012853470437017976 0.012853470437018046
0 0.34704370179948585 0.7193658954584404 0.01799485861182525 0.02142245072836346
0 0.44730077120822614 0.8101970865467006 0.020565552699228825 0.0248500428449014
13 0.4225578406169666 0.686375321336761 0.034061696658097704 0.011996572407883406
0 0.4280205655526992 0.6555269922879177 0.015424164524421542 0.023993144815766955
0 0.40295629820051415 0.5844044558697515 0.014138817480719794 0.02913453299057416
0 0.30623393316195374 0.5535561268209084 0.02377892030848326 0.023993144815767024
13 0.2930591259640103 0.5462724935732648 0.01670951156812336 0.031705227077977724
0 0.28598971722365024 0.44644387317909157 0.024421593830334196 0.022279348757498086
0 0.2741002570694088 0.4108826049700085 0.02120822622107973 0.02827763496143957
0 0.24068123393316196 0.4297343616109683 0.021208226221079728 0.023136246786632456
0 0.2782776349614396 0.34104541559554413 0.01670951156812336 0.029134532990574086
0 0.2863110539845758 0.2592116538131963 0.021208226221079728 0.019708654670094285
0 0.1924807197943445 0.18766066838046272 0.026349614395886897 0.027420736932305054
0 0.28245501285347047 0.12467866323907455 0.025064267352185077 0.02656383890317052
13 0.35925449871465287 0.5214224507283634 0.021850899742930564 0.031705227077977724
0 0.3293701799485861 0.36161096829477285 0.027634961439588678 0.02742073693230502
0 0.3133033419023136 0.30119965724078834 0.01863753213367616 0.036846615252784855
0 0.3264781491002571 0.2634961439588689 0.030848329048843118 0.016281062553556113
0 0.3422236503856041 0.1649528706083976 0.02634961439588686 0.021422450728363334
0 0.3367609254498714 0.10582690659811483 0.02570694087403602 0.029991431019708657
0 0.40649100257069404 0.14395886889460155 0.030205655526992316 0.023993144815766917
0 0.3788560411311054 0.1353898886032562 0.016066838046272524 0.030848329048843208
0 0.40134961439588696 0.06898029134532992 0.01992287917737791 0.02485004284490147
0 0.3717866323907455 0.35861182519280205 0.021208226221079655 0.024850042844901454
0 0.4273778920308483 0.32904884318766064 0.024421593830334203 0.02742073693230502
0 0.4476221079691517 0.31748071979434445 0.019922879177377836 0.031705227077977655
0 0.448586118251928 0.6876606683804627 0.01799485861182518 0.029991431019708727
0 0.5234575835475579 0.6820908311910883 0.022493573264781404 0.023993144815766813
0 0.522814910025707 0.8624678663239075 0.02634961439588693 0.03341902313624672
0 0.5803341902313625 0.5432733504712939 0.019280205655527 0.025706940874035952
0 0.5526992287917737 0.5209940017137961 0.023136246786632383 0.027420736932304946
0 0.5138174807197943 0.5526992287917738 0.014781491002570632 0.029134532990574086
0 0.5530205655526993 0.43273350471293914 0.01863753213367616 0.03941730934018849
7 0.542095115681234 0.3436161096829477 0.01992287917737791 0.03941730934018857
0 0.4556555269922879 0.4940017137960583 0.014138817480719794 0.029991431019708727
0 0.49614395886889456 0.4618680377035133 0.023136246786632383 0.022279348757497885
0 0.5025706940874035 0.3590402742073693 0.01799485861182518 0.025706940874035952
0 0.413560411311054 0.2999143101970866 0.022493573264781547 0.030848329048843225
0 0.6291773778920309 0.24164524421593833 0.014138817480719722 0.03770351328191946
0 0.5661953727506427 0.13753213367609254 0.024421593830334275 0.029991431019708657
0 0.6317480719794344 0.14224507283633248 0.02699228791773791 0.027420736932305054
0 0.5199228791773779 0.2536418166238218 0.014138817480719722 0.023993144815766917
0 0.6609897172236504 0.18209083119108826 0.0173521850899742 0.02656383890317052
0 0.6513496143958869 0.09982862039417309 0.018637532133676016 0.03684661525278491
0 0.7127249357326478 0.09982862039417309 0.024421593830334133 0.0231362467866324
0 0.8319408740359897 0.1550985432733505 0.021208226221079655 0.03256212510711224
0 0.7994858611825193 0.2099400171379606 0.023136246786632456 0.025706940874035987
0 0.7464652956298201 0.28149100257069404 0.022493573264781474 0.02142245072836335
0 0.6503856041131105 0.245929734361611 0.023136246786632383 0.02570694087403602
0 0.6648457583547558 0.3847472150814053 0.023778920308483293 0.032562125107112226
0 0.5735861182519281 0.45287060839760074 0.01863753213367616 0.029991431019708657
0 0.6082904884318766 0.6910882604970009 0.025064267352185043 0.023136246786632456
0 0.6503856041131105 0.8397600685518424 0.015424164524421542 0.02742073693230509
0 0.5491645244215938 0.778063410454156 0.01735218508997427 0.022279348757497958
0 0.8078406169665808 0.8003427592116539 0.019280205655527 0.022279348757497815
0 0.6989074550128536 0.6748071979434448 0.021208226221079797 0.024850042844901596
0 0.7188303341902315 0.6722365038560407 0.02249357326478112 0.023136246786632307
0 0.8229434447300771 0.6679520137103685 0.02249357326478133 0.021422450728363317
0 0.865681233933162 0.602827763496144 0.024421593830334133 0.021422450728363386
0 0.8705012853470437 0.6251071122536419 0.023778920308483293 0.023136246786632383
0 0.7676735218508998 0.572407883461868 0.013496143958868884 0.02913453299057416
0 0.7005141388174806 0.5629820051413882 0.028277634961439587 0.022279348757497958
0 0.6240359897172236 0.5479862896315338 0.020565552699228745 0.02656383890317059
0 0.7008354755784063 0.4562982005141388 0.022493573264781474 0.02656383890317059
0 0.7750642673521846 0.4267352185089975 0.024421593830334126 0.023993144815767073
0 0.8023778920308483 0.41945158526135384 0.030205655526992246 0.03684661525278493
0 0.8968508997429306 0.4730077120822622 0.030205655526992246 0.02570694087403602
0 0.8419023136246787 0.28834618680377033 0.028277634961439587 0.029991431019708623
0 0.6580976863753213 0.30891173950299916 0.023136246786632456 0.021422450728363282
0 0.7638174807197945 0.33161953727506427 0.022493573264781474 0.01713796058269068
0 0.7014781491002569 0.3200514138817476 0.022493573264782143 0.021422450728363292
0 0.7066195372750643 0.34918594687232224 0.023778920308483293 0.01799485861182518
0 0.7027634961439588 0.6208226221079691 0.022493573264781616 0.029991431019708727
0 0.2978791773778919 0.8547557840616966 0.02377892030848326 0.011139674378748892
0 0.43573264781491006 0.2493573264781491 0.020565552699228818 0.023993144815766917
0 0.46786632390745503 0.08911739502999144 0.025706940874035952 0.023993144815766927
12 0.16323907455012854 0.5029991431019709 0.020565552699228763 0.023993144815766955
12 0.11568123393316196 0.6808054841473864 0.01799485861182518 0.03341902313624687
12 0.16002570694087404 0.8059125964010283 0.019280205655527 0.028277634961439587
12 0.2686375321336761 0.803770351328192 0.017994858611825214 0.01885175664095968
12 0.20244215938303342 0.7913453299057411 0.016709511568123395 0.031705227077977724
12 0.22975578406169667 0.5998286203941732 0.023778920308483328 0.02742073693230509
12 0.327120822622108 0.4730077120822622 0.016709511568123434 0.01885175664095968
12 0.24614395886889462 0.32005141388174807 0.016709511568123434 0.01285347043701801
0 0.2474293059125964 0.2986289631533847 0.021850899742930564 0.021422450728363317
12 0.3798200514138817 0.06940874035989716 0.01928020565552707 0.025706940874035987
12 0.6143958868894601 0.18680377035132822 0.015424164524421684 0.035989717223650394
12 0.6343187660668381 0.17480719794344474 0.01670951156812336 0.018851756640959748
10 0.48811053984575836 0.3029134532990574 0.016066838046272524 0.019708654670094247
12 0.5289203084832905 0.4635818337617823 0.021850899742930637 0.018851756640959748
12 0.4826478149100257 0.8050556983718937 0.021850899742930564 0.029991431019708727
12 0.42095115681233936 0.7352185089974292 0.01670951156812336 0.02570694087403581
12 0.6915167095115682 0.818337617823479 0.020565552699228818 0.013710368466152544
12 0.7281491002570694 0.7990574121679521 0.012853470437017905 0.021422450728363317
12 0.7776349614395887 0.7750642673521849 0.015424164524421684 0.014567266495287043
12 0.782133676092545 0.7553556126820908 0.021850899742930637 0.017994858611825322
12 0.6638817480719794 0.6165381319622965 0.012853470437017905 0.01799485861182518
5 0.6899100257069409 0.41945158526135384 0.013496143958868884 0.019708654670094247
5 0.7381105398457584 0.4198800342759212 0.019922879177377836 0.020565552699228818
5 0.7239717223650385 0.4185946872322194 0.0173521850899742 0.019708654670094247
5 0.7056555269922878 0.2750642673521851 0.012853470437018046 0.022279348757497815
5 0.6092544987146529 0.27763496143958866 0.010282776349614338 0.025706940874035952
0 0.7509640102827764 0.1709511568123393 0.01735218508997434 0.03684661525278491
12 0.5629820051413882 0.18937446443873177 0.012853470437018046 0.018851756640959713
0 0.5723007712082262 0.42544987146529567 0.022493573264781474 0.021422450728363317
0 0.43123393316195374 0.18337617823479008 0.012853470437018046 0.032562125107112226
0 0.38656812339331625 0.1958011996572408 0.022493573264781547 0.03856041131105403
0 0.5022493573264781 0.15938303341902313 0.01735218508997427 0.025706940874035987
