0 0.6391950845718384 0.6164954304695129 0.021152770146727562 0.01828564517199993
0 0.30544906854629517 0.46722275018692017 0.018641235306859016 0.024031128734350204
0 0.42923590540885925 0.43808844685554504 0.016526581719517708 0.02303658053278923
0 0.9062458276748657 0.6070957183837891 0.01906585693359375 0.030666260048747063
0 0.14203084832904886 0.28063410454155957 0.0205655526992288 0.024850042844901454
0 0.7422879177377891 0.31662382176521 0.01670951156812336 0.029991431019708657
0 0.6394601542416453 0.68808911739503 0.014138817480719722 0.025706940874035952
0 0.548521850899743 0.6893744644387317 0.013496143958868884 0.028277634961439587
0 0.7451799485861185 0.8063410454155957 0.014781491002570703 0.023993144815766955
0 0.5485218508997429 0.5861182519280206 0.016066838046272524 0.023993144815766813
13 0.1352827763496144 0.5141388174807199 0.012210796915167101 0.023993144815767024
13 0.2062982005141388 0.15981148243359042 0.02313624678663235 0.02485004284490147
