4 0.7914991974830627 0.12700136005878448 0.018086913973093033 0.023148326203227043
4 0.39224889874458313 0.7551965117454529 0.02073764055967331 0.026311198249459267
4 0.39746013283729553 0.5202398896217346 0.021038055419921875 0.023425862193107605
4 0.96807461977005 0.4277169704437256 0.020060179755091667 0.020398152992129326
8 0.2936254143714905 0.792254626750946 0.022359466180205345 0.031379230320453644
4 0.8761167526245117 0.5202093124389648 0.02160339429974556 0.026886677369475365
4 0.3122120499610901 0.40434664487838745 0.016192443668842316 0.02645735628902912
4 0.8779351711273193 0.1583692580461502 0.01594122312963009 0.02801615372300148
4 0.13622930645942688 0.24497981369495392 0.016249679028987885 0.01993255689740181
4 0.34132519364356995 0.810434103012085 0.0211796872317791 0.02622224949300289
7 0.23482827842235565 0.5787163972854614 0.022670181468129158 0.0239410400390625
7 0.271947979927063 0.3719261884689331 0.024862365797162056 0.03333764523267746
4 0.4545392096042633 0.8643506765365601 0.020334411412477493 0.018761392682790756
4 0.7942073941230774 0.46658584475517273 0.022396117448806763 0.02482043392956257
4 0.8497744202613831 0.3582470715045929 0.019954895600676537 0.02545320615172386
4 0.5583116412162781 0.44971519708633423 0.02159027010202408 0.02841821312904358
7 0.27159443497657776 0.49145498871803284 0.02371804788708687 0.02582360804080963
0 0.7856721878051758 0.8003413081169128 0.018455322831869125 0.02831014059484005
7 0.38514453172683716 0.1785595715045929 0.0210574958473444 0.03068498708307743
4 0.4405090808868408 0.8160712122917175 0.020280640572309494 0.031569499522447586
4 0.7246410250663757 0.6752123832702637 0.015990478917956352 0.023574097082018852
4 0.6482682824134827 0.7051249742507935 0.01742108166217804 0.0249073076993227
7 0.4712067246437073 0.40557608008384705 0.023707030341029167 0.03039933182299137
12 0.5744423866271973 0.35937413573265076 0.01522216759622097 0.02736230380833149
12 0.33614373207092285 0.6224640011787415 0.01581011898815632 0.02855859324336052
0 0.10962969809770584 0.6483076810836792 0.02534816786646843 0.03027164749801159
4 0.3609295189380646 0.6616097092628479 0.013574371114373207 0.02271919697523117
4 0.6116455793380737 0.8256196975708008 0.015687989071011543 0.020233072340488434
4 0.7527449727058411 0.11721291393041611 0.014319396577775478 0.021642079576849937
0 0.2159375697374344 0.9018206596374512 0.016197113320231438 0.03260140120983124
4 0.15853409469127655 0.2771536111831665 0.024716660380363464 0.026031555607914925
0 0.5205655526992288 0.7592116538131962 0.012853470437017976 0.013710368466152544
12 0.4800771208226221 0.7283633247643531 0.01670951156812336 0.023993144815766813
0 0.3695372750642673 0.7557840616966581 0.021850899742930564 0.023993144815766955
4 0.35796915167095117 0.8311910882604969 0.01799485861182525 0.027420736932305085
0 0.6073264781491002 0.5959725792630677 0.008997429305912661 0.016281062553556113
0 0.40649100257069404 0.6036846615252786 0.013496143958868884 0.014567266495287043
12 0.4090616966580976 0.5805484147386462 0.013496143958868884 0.016281062553556255
0 0.4045629820051414 0.5625535561268209 0.0096401028277635 0.01799485861182525
0 0.3521850899742931 0.586975149957155 0.015424164524421613 0.02570694087403588
4 0.1911953727506427 0.38817480719794345 0.01735218508997427 0.022279348757497815
12 0.2062982005141388 0.2977720651242502 0.016709511568123395 0.019708654670094247
12 0.19987146529562982 0.2827763496143959 0.019280205655527 0.023993144815766917
10 0.19858611825192804 0.1469580119965724 0.0218508997429306 0.026563838903170555
12 0.30012853470437023 0.3354755784061696 0.0218508997429306 0.023136246786632383
0 0.5356683804627249 0.0792630676949443 0.014781491002570774 0.014567266495287062
14 0.6866966580976864 0.31405312767780635 0.02634961439588679 0.017994858611825214
5 0.68573264781491 0.48843187660668375 0.021850899742930637 0.02742073693230502
0 0.7455012853470439 0.4970008568980291 0.012853470437018046 0.01713796058269068
0 0.7467866323907455 0.5775492716366752 0.015424164524421542 0.020565552699228818
0 0.7422879177377891 0.6722365038560412 0.011568123393316086 0.014567266495287043
8 0.949228791773779 0.39974293059125965 0.017994858611825322 0.01970865467009432
0 0.8390102827763496 0.26949443016281066 0.012210796915167067 0.017994858611825214
0 0.769280205655527 0.258783204798629 0.00899742930591259 0.013710368466152544
0 0.7911311053984577 0.0702656383890317 0.01670951156812336 0.018851756640959724
0 0.6131105398457584 0.7047986289631534 0.01799485861182518 0.019708654670094177
0 0.7258997429305913 0.7416452442159382 0.00706940874035979 0.012853470437017905
8 0.7101542416452442 0.7095115681233932 0.021850899742930495 0.030848329048843225
0 0.7030848329048842 0.6803770351328192 0.0154241645244214 0.023993144815766813
12 0.7544987146529563 0.7197943444730077 0.014138817480719865 0.03427592116538136
4 0.34350899742930596 0.7497857754927163 0.013496143958868884 0.01885175664095982
0 0.22525706940874038 0.7604970008568981 0.010925449871465282 0.012853470437017905
0 0.25546272493573263 0.6105398457583547 0.0096401028277635 0.01799485861182525
0 0.2863110539845758 0.6006855184233076 0.007069408740359932 0.015424164524421542
0 0.28213367609254497 0.5621251071122536 0.01670951156812336 0.020565552699228745
0 0.269280205655527 0.5728363324764354 0.011568123393316192 0.011139674378748979
12 0.13946015424164523 0.5261353898886033 0.016709511568123395 0.02742073693230509
11 0.15295629820051412 0.4944301628106256 0.023136246786632366 0.029134532990574228
4 0.28888174807197947 0.6499571550985432 0.01735218508997434 0.016281062553556182
0 0.2840616966580977 0.622107969151671 0.010282776349614444 0.020565552699228745
12 0.4672236503856041 0.5209940017137961 0.019280205655527 0.020565552699228818
12 0.5154241645244215 0.5445586975149956 0.017994858611825107 0.023136246786632383
12 0.5083547557840616 0.4918594687232219 0.019280205655527 0.023993144815766955
4 0.5109254498714653 0.30034275921165376 0.014138817480719794 0.028277634961439587
14 0.44794344473007713 0.38731790916880887 0.015424164524421542 0.025706940874035952
12 0.3676092544987146 0.33204798628963145 0.028277634961439587 0.019708654670094247
4 0.43541131105398456 0.27420736932305056 0.013496143958868884 0.01713796058269068
12 0.47879177377892035 0.20222793487574983 0.020565552699228745 0.02227934875749785
12 0.5597686375321337 0.13239074550128535 0.012853470437017976 0.026563838903170503
