4 0.9756611585617065 0.45471078157424927 0.019622802734375 0.020144937559962273
4 0.7700472474098206 0.24907034635543823 0.021704651415348053 0.02262253873050213
4 0.5540499091148376 0.5544987916946411 0.014728332869708538 0.02135620079934597
4 0.2906283736228943 0.671692430973053 0.0157169196754694 0.02159578539431095
4 0.1440124809741974 0.2136162966489792 0.020431380718946457 0.018759623169898987
7 0.7087739109992981 0.4260617792606354 0.015488830395042896 0.02934785932302475
4 0.5037117600440979 0.5103204846382141 0.018078308552503586 0.02104850299656391
0 0.06840737909078598 0.3126251995563507 0.02281000465154648 0.02418454922735691
12 0.8476377129554749 0.2772175669670105 0.017516907304525375 0.0275193490087986
4 0.8040329813957214 0.5817061066627502 0.024486511945724487 0.02305920422077179
7 0.4291963577270508 0.8056651949882507 0.023167205974459648 0.03032885678112507
4 0.19283200800418854 0.3450436592102051 0.01725897192955017 0.02379392459988594
4 0.09506780654191971 0.305784672498703 0.021021125838160515 0.02221413142979145
7 0.6966424584388733 0.5517955422401428 0.022513488307595253 0.02484155260026455
4 0.6867493987083435 0.6788578033447266 0.01613043248653412 0.025202026590704918
4 0.6830669641494751 0.7096312046051025 0.01828918419778347 0.02715340256690979
4 0.6366535425186157 0.4972856342792511 0.019473815336823463 0.023344766348600388
4 0.8730509281158447 0.4227752685546875 0.014153686352074146 0.0227760411798954
0 0.07019001990556717 0.46578410267829895 0.026252971962094307 0.03179260343313217
4 0.35112616419792175 0.399312824010849 0.015062286518514156 0.022338176146149635
4 0.2752915918827057 0.629260778427124 0.015238281339406967 0.02388915978372097
4 0.4230818748474121 0.450406014919281 0.015599365346133709 0.022556884214282036
7 0.6340750455856323 0.5552565455436707 0.01771649159491062 0.02167155034840107
0 0.09404037147760391 0.5829431414604187 0.02378719300031662 0.0253448486328125
7 0.8267126679420471 0.7050947546958923 0.01873931847512722 0.024966226890683174
0 0.1032027006149292 0.172347292304039 0.028160331770777702 0.028417369350790977
0 0.9800295233726501 0.40530216693878174 0.02625274658203125 0.026069538667798042
11 0.2494034469127655 0.33756548166275024 0.01960267685353756 0.02080472745001316
4 0.8094798922538757 0.26316842436790466 0.0158538818359375 0.024048421531915665
4 0.7843773365020752 0.8111506104469299 0.014663146808743477 0.019473958760499954
7 0.6709280610084534 0.4422543942928314 0.017690185457468033 0.024926066398620605
4 0.6182867288589478 0.3712981641292572 0.014659484848380089 0.02313346415758133
0 0.8583042025566101 0.19456753134727478 0.018316222354769707 0.028139811009168625
12 0.19473007712082263 0.06041131105398457 0.019280205655526964 0.023136246786632383
0 0.4000642673521851 0.6161096829477292 0.010925449871465247 0.020565552699228887
13 0.15584832904884321 0.4695801199657241 0.02249357326478151 0.013710368466152544
0 0.20244215938303342 0.4502999143101971 0.024421593830334203 0.014567266495287114
0 0.17416452442159383 0.47343616109682946 0.00899742930591259 0.007712082262210771
11 0.14395886889460155 0.5925449871465296 0.0205655526992288 0.026563838903170447
0 0.14974293059125965 0.6401028277634961 0.011568123393316209 0.01713796058269075
5 0.1683804627249357 0.134961439588689 0.02827763496143957 0.014567266495287062
13 0.22943444730077117 0.16238217652099401 0.016709511568123395 0.021422450728363334
0 0.3126606683804627 0.10197086546700947 0.017352185089974312 0.01885175664095967
4 0.5417737789203084 0.6808054841473864 0.012853470437017905 0.021422450728363174
12 0.5517352185089974 0.6842330762639247 0.022493573264781404 0.01970865467009432
0 0.32487146529562977 0.331191088260497 0.025064267352185077 0.019708654670094247
4 0.40134961439588684 0.33333333333333326 0.012210796915167067 0.010282776349614338
0 0.2769922879177378 0.5184233076263925 0.014138817480719759 0.02570694087403602
10 0.21465295629820053 0.5119965724078835 0.021850899742930637 0.011139674378748979
0 0.3480077120822622 0.7857754927163668 0.012210796915167138 0.015424164524421684
12 0.25128534704370176 0.6743787489288775 0.021850899742930564 0.01885175664095968
0 0.24678663239074553 0.5711225364181662 0.016709511568123395 0.028277634961439518
8 0.31555269922879176 0.42930591259640094 0.024421593830334237 0.011996572407883477
5 0.27763496143958866 0.2969151670951157 0.01799485861182518 0.017994858611825214
5 0.26831619537275064 0.42459297343616115 0.0096401028277635 0.023136246786632383
0 0.3110539845758355 0.3924592973436161 0.010282776349614373 0.01713796058269068
0 0.4090616966580977 0.10111396743787489 0.023778920308483293 0.03084832904884319
0 0.3447943444730078 0.23778920308483292 0.010925449871465319 0.016281062553556148
0 0.35218508997429304 0.22279348757497858 0.010282776349614409 0.013710368466152544
12 0.4283419023136247 0.3320479862896316 0.01735218508997427 0.023136246786632383
0 0.422879177377892 0.523993144815767 0.014138817480719794 0.03341902313624679
0 0.48714652956298204 0.5715509854327334 0.01799485861182518 0.015424164524421684
0 0.5247429305912596 0.5826906598114825 0.013496143958868884 0.010282776349614409
12 0.4389460154241645 0.6538131962296486 0.029562982005141406 0.015424164524421542
4 0.45404884318766064 0.778063410454156 0.00835475578406168 0.023993144815766813
12 0.49710796915167094 0.7369323050556983 0.01735218508997434 0.01713796058269068
0 0.5607326478149101 0.6418166238217653 0.014781491002570632 0.01885175664095982
0 0.5973650385604113 0.6366752356469579 0.022493573264781547 0.022279348757497815
12 0.5298843187660668 0.27934875749785776 0.01992287917737791 0.01713796058269068
12 0.5790488431876607 0.21636675235646957 0.014138817480719794 0.01799485861182518
14 0.448586118251928 0.1765209940017138 0.012853470437018046 0.017137960582690646
0 0.5809768637532133 0.09940017137960583 0.012853470437017976 0.027420736932305054
12 0.699228791773779 0.24164524421593833 0.020565552699228818 0.020565552699228783
0 0.7618894601542416 0.30634104541559554 0.012210796915167067 0.016281062553556075
12 0.8419023136246787 0.34532990574121686 0.015424164524421684 0.018851756640959748
13 0.9161311053984577 0.3256212510711225 0.0173521850899742 0.023993144815766917
0 0.9540488431876608 0.44558697514995715 0.016066838046272524 0.023993144815766955
12 0.8065552699228792 0.6606683804627249 0.01670951156812336 0.022279348757497815
0 0.8104113110539845 0.7489288774635818 0.008997429305912448 0.010282776349614551
0 0.7024421593830334 0.7703513281919453 0.014138817480719722 0.011996572407883406
0 0.8788560411311053 0.7309340188517567 0.013496143958868884 0.022279348757497815
12 0.6066838046272494 0.6066838046272494 0.020565552699228745 0.013710368466152615
0 0.47268637532133684 0.2240788346186804 0.0096401028277635 0.01285347043701801
