4 0.13793103448275862 0.5848806366047745 0.018567639257294443 0.027409372236958374
4 0.5003315649867374 0.24801061007957562 0.011273209549071623 0.02564102564102562
4 0.4350132625994695 0.858974358974359 0.013262599469496053 0.02210433244916004
4 0.4608753315649867 0.8510167992926614 0.014588859416445672 0.013262599469496053
4 0.38229442970822275 0.43368700265251986 0.012599469496021172 0.020335985853227215
4 0.8282493368700264 0.44960212201591515 0.01724137931034491 0.02917771883289127
13 0.27785145888594165 0.6569407603890363 0.009283819628647194 0.021220159151193484
0 0.14157824933687002 0.11140583554376658 0.020557029177718834 0.03359858532272323
0 0.12068965517241381 0.2891246684350132 0.02652519893899205 0.021220159151193626
0 0.10411140583554378 0.3183023872679045 0.02519893899204243 0.017683465959328046
0 0.12632625994694963 0.3355437665782493 0.017904509283819633 0.027409372236958447
0 0.15285145888594165 0.34040671971706454 0.02453580901856764 0.04067197170645443
0 0.19164456233421753 0.10610079575596817 0.02519893899204245 0.03359858532272325
0 0.21518567639257294 0.11361626878868261 0.017904509283819554 0.04332449160035378
0 0.3355437665782493 0.21396993810786913 0.026525198938992033 0.033598585322723265
0 0.3547745358090186 0.129973474801061 0.022546419098143245 0.04244031830238725
0 0.3859416445623342 0.08532272325375773 0.023872679045092868 0.030946065428824054
0 0.7987400530503979 0.18877099911582668 0.021883289124668436 0.03271441202475682
0 0.8680371352785147 0.27541998231653403 0.027851458885941583 0.025641025641025657
0 0.7967506631299736 0.28558797524314766 0.01525198938992034 0.026525198938992106
0 0.8305702917771883 0.339080459770115 0.009946949602122003 0.027409372236958447
0 0.896551724137931 0.18125552608311232 0.026525198938992106 0.03536693191865606
0 0.8720159151193634 0.18081343943412911 0.01724137931034477 0.03271441202475682
0 0.636604774535809 0.15119363395225463 0.023872679045092726 0.03713527851458883
13 0.604111405835544 0.16312997347480107 0.029177718832891327 0.025641025641025657
0 0.5142572944297082 0.18523430592396106 0.016578249336870077 0.034482758620689634
0 0.5507294429708223 0.08488063660477455 0.021883289124668436 0.026525198938992044
0 0.5739389920424404 0.09195402298850575 0.020557029177718816 0.028293545534924844
0 0.5646551724137931 0.29000884173297964 0.023209549071618055 0.024756852343059244
0 0.4088196286472149 0.3143236074270557 0.027188328912466843 0.027409372236958482
0 0.21087533156498683 0.7369584438549956 0.023872679045092837 0.027409372236958517
0 0.1604774535809019 0.7338638373121132 0.023872679045092757 0.037135278514589046
0 0.15152519893899197 0.7228116710875331 0.025862068965517217 0.02564102564102559
0 0.32194960212201595 0.934129089301503 0.020557029177718945 0.03625110521662297
0 0.2529840848806366 0.8054818744473917 0.015251989389920445 0.031830238726790444
0 0.33620689655172414 0.742263483642794 0.025198938992042414 0.023872679045092868
0 0.2029177718832891 0.5941644562334217 0.023872679045092868 0.030061892130857616
13 0.18136604774535808 0.5862068965517241 0.025862068965517224 0.014146772767462323
0 0.3057029177718833 0.21220159151193635 0.022546419098143245 0.026525198938992033
0 0.2662466843501326 0.3448275862068965 0.019230769230769197 0.03890362511052167
0 0.28415119363395225 0.29664014146772766 0.025862068965517224 0.03625110521662247
0 0.2954244031830238 0.3236074270557029 0.02718832891246674 0.0335985853227232
12 0.31465517241379315 0.3187444739168877 0.01790450928381965 0.030946065428824027
14 0.3236074270557029 0.29089301503094606 0.01989389920424408 0.02829354553492486
0 0.44131299734748014 0.28824049513704686 0.013925729442970863 0.030061892130857616
0 0.4509283819628647 0.20866489832007076 0.019893899204244007 0.03183023872679048
0 0.4386604774535809 0.18169761273209548 0.025862068965517224 0.02564102564102562
0 0.4442970822281167 0.1149425287356322 0.0212201591511937 0.037135278514588865
0 0.7271220159151193 0.08399646330680813 0.025862068965517297 0.024756852343059233
0 0.7480106100795757 0.09637488947833775 0.01989389920424415 0.024756852343059244
0 0.7188328912466843 0.1609195402298851 0.027851458885941913 0.030061892130857592
0 0.48110079575596815 0.3227232537577365 0.013925729442970792 0.02829354553492486
0 0.365053050397878 0.37798408488063656 0.023209549071618055 0.027409372236958447
0 0.2854774535809019 0.42749778956675505 0.011273209549071673 0.03094606542882405
0 0.22844827586206898 0.5070733863837312 0.01657824933687003 0.030946065428824027
7 0.25862068965517226 0.5596816976127321 0.018567639257294617 0.021220159151193435
7 0.42805039787798405 0.627763041556145 0.023209549071618055 0.03713527851458892
0 0.31830238726790455 0.6794871794871795 0.021220159151193664 0.03448275862068968
0 0.30305039787798405 0.6600353669319187 0.021220159151193626 0.016799292661361563
0 0.2887931034482759 0.6737400530503977 0.015251989389920551 0.022988505747126138
0 0.15318302387267907 0.6662245800176835 0.01724137931034484 0.03801945181255519
0 0.1359416445623342 0.6330680813439433 0.019893899204244024 0.030061892130857616
12 0.18832891246684352 0.6330680813439433 0.019893899204244007 0.054818744473916894
0 0.2751989389920424 0.5994694960212201 0.021220159151193626 0.033598585322723265
13 0.7231432360742707 0.7984084880636603 0.02055702917771918 0.021220159151193036
13 0.7307692307692306 0.8651635720601237 0.01856763925729453 0.03448275862068968
0 0.6402519893899203 0.850132625994695 0.01923076923076927 0.020335985853227215
0 0.6243368700265252 0.7427055702917772 0.01923076923076927 0.014146772767462465
0 0.5593501326259946 0.6993810786914235 0.024535809018567535 0.017683465959328116
0 0.6080901856763926 0.5870910698496905 0.025198938992042487 0.026525198938992033
0 0.4433023872679045 0.45004420866489836 0.024535809018567677 0.026525198938992033
0 0.47712201591511944 0.4160035366931919 0.02984084880636608 0.032714412024756785
0 0.42241379310344823 0.37002652519893897 0.014588859416445601 0.02564102564102555
0 0.38859416445623346 0.3841732979664014 0.021220159151193626 0.02210433244916004
0 0.6773872679045092 0.24801061007957562 0.01657824933686996 0.03978779840848809
0 0.6651193633952255 0.2298850574712644 0.019893899204244007 0.037135278514588886
0 0.6528514588859418 0.21043324491600351 0.023209549071618055 0.03359858532272323
0 0.6024535809018569 0.37665782493368694 0.017904509283819578 0.02829354553492486
0 0.5580238726790451 0.4916003536693192 0.024535809018567677 0.030061892130857543
0 0.6339522546419099 0.473474801061008 0.015915119363395222 0.02210433244916004
0 0.6007957559681698 0.4907161803713528 0.018567639257294388 0.02475685234305921
0 0.6193633952254642 0.4849690539345712 0.021220159151193626 0.025641025641025692
0 0.6933023872679044 0.4544650751547303 0.028514588859416535 0.030061892130857686
0 0.7921087533156498 0.47833775419982316 0.017904509283819578 0.033598585322723265
0 0.8544429708222812 0.5464190981432361 0.013925729442970863 0.030061892130857616
0 0.4937002652519894 0.7409372236958444 0.028514588859416462 0.024756852343059278
0 0.49701591511936344 0.7802829354553492 0.013925729442970863 0.04155614500442084
0 0.5129310344827586 0.7546419098143236 0.025862068965517224 0.018567639257294245
0 0.5421087533156499 0.7736516357206012 0.024535809018567677 0.03536693191865595
0 0.34814323607427056 0.7970822281167109 0.019893899204244007 0.03094606542882417
12 0.3663793103448276 0.7559681697612731 0.03912466843501328 0.021220159151193484
0 0.3660477453580902 0.7351900972590627 0.018567639257294388 0.023872679045092868
0 0.3812997347480106 0.6472148541114058 0.022546419098143245 0.026525198938991964
0 0.3302387267904509 0.5291777188328912 0.023872679045092868 0.032714412024756924
0 0.329575596816976 0.4743589743589745 0.019893899204243972 0.032714412024756855
0 0.16976127320954906 0.46684350132625996 0.021220159151193626 0.030061892130857616
0 0.22712201591511927 0.4518125552608311 0.023209549071617902 0.035366931918656086
0 0.4940318302387269 0.5393457117595049 0.01989389920424408 0.026525198938992033
0 0.46883289124668437 0.5216622458001768 0.022546419098143176 0.03713527851458892
12 0.6007957559681698 0.6357206012378426 0.018567639257294388 0.03536693191865609
0 0.7267904509283819 0.6781609195402296 0.023872679045092462 0.038903625110521596
0 0.7460212201591513 0.7263483642793988 0.019893899204244007 0.02210433244916004
0 0.8242705570291777 0.5862068965517241 0.01724137931034477 0.022988505747126523
0 0.8696949602122015 0.6198054818744474 0.019230769230769197 0.017683465959328116
0 0.6024535809018567 0.5437665782493368 0.028514588859416535 0.02298850574712638
0 0.7592838196286467 0.5300618921308575 0.025198938992042487 0.030946065428823652
0 0.7337533156498673 0.4593280282935455 0.03116710875331563 0.030946065428824027
13 0.7042440318302386 0.3651635720601238 0.023872679045092868 0.014146772767462465
13 0.6276525198938993 0.3797524314765694 0.028514588859416393 0.025641025641025692
13 0.6276525198938993 0.3992042440318302 0.028514588859416393 0.020335985853227285
0 0.7122015915119363 0.35013262599469497 0.021220159151193768 0.026525198938992106
13 0.6919761273209548 0.39610963748894784 0.017904509283819578 0.024756852343059278
0 0.7745358090185676 0.25022104332449163 0.025198938992042327 0.03183023872679042
0 0.925397877984085 0.3704686118479222 0.023209549071618055 0.04067197170645443
0 0.8915782493368699 0.4062776304155614 0.021883289124668744 0.027409372236958426
0 0.5958222811671086 0.28603006189213076 0.021883289124668425 0.027409372236958395
0 0.3842838196286471 0.49292661361626877 0.024535809018567584 0.030946065428824034
0 0.41312997347480107 0.47789566755083995 0.022546419098143245 0.025641025641025692
0 0.42374005305039786 0.5282935455349249 0.022546419098143245 0.023872679045092868
0 0.3584217506631299 0.5450928381962865 0.013925729442970792 0.016799292661361563
0 0.23342175066312998 0.2396109637488948 0.026525198938992033 0.037135278514588844
13 0.12931034482758622 0.21750663129973474 0.030503978779840856 0.0194518125552608
