0 0.3094805181026459 0.7797277569770813 0.02079959027469158 0.016439126804471016
12 0.45123347640037537 0.24485409259796143 0.016108153387904167 0.027971964329481125
0 0.6609321236610413 0.18558061122894287 0.01614849828183651 0.018811320886015892
12 0.4281824231147766 0.6302497982978821 0.01737130805850029 0.024078369140625
0 0.6516678333282471 0.16841283440589905 0.015992797911167145 0.03187640383839607
0 0.8447590470314026 0.17031534016132355 0.0238724984228611 0.029184876009821892
4 0.2708390951156616 0.5134312510490417 0.015239318832755089 0.020611288025975227
7 0.6263410449028015 0.5066542625427246 0.018479613587260246 0.019581055268645287
0 0.27809828519821167 0.14906738698482513 0.026445435360074043 0.018816761672496796
0 0.2769922879177378 0.6979434447300771 0.016709511568123395 0.031705227077977724
0 0.2969151670951157 0.7137960582690661 0.007712082262210771 0.011996572407883406
12 0.31715938303341906 0.7120822622107968 0.012210796915167101 0.02570694087403609
4 0.41645244215938304 0.6722365038560412 0.01799485861182525 0.01799485861182518
4 0.3213367609254499 0.6653813196229649 0.015424164524421578 0.023136246786632314
4 0.3724293059125964 0.5214224507283634 0.013496143958868955 0.02485004284490138
12 0.31908740359897175 0.5107112253641817 0.01735218508997434 0.020565552699228745
0 0.30077120822622105 0.4910025706940874 0.015424164524421578 0.011996572407883477
0 0.5996143958868895 0.7052270779777207 0.014138817480719722 0.015424164524421542
0 0.6044344473007712 0.6932305055698371 0.01735218508997427 0.015424164524421542
0 0.6079691516709511 0.5 0.012853470437017976 0.012853470437018046
0 0.6478149100257069 0.5141388174807198 0.016709511568123503 0.029134532990574225
0 0.7451799485861182 0.5188517566409597 0.008354755784061751 0.016281062553556113
4 0.8161953727506426 0.5304198800342759 0.01670951156812336 0.02913453299057416
0 0.8357969151670952 0.5248500428449014 0.0173521850899742 0.021422450728363317
0 0.8483290488431876 0.480719794344473 0.012853470437017905 0.022279348757497885
0 0.8470437017994858 0.4592973436161097 0.014138817480719865 0.010282776349614409
0 0.6805912596401028 0.8710368466152528 0.011568123393316228 0.021422450728363317
0 0.7773136246786634 0.7566409597257927 0.008354755784061783 0.017137960582690976
0 0.6147172236503856 0.7969151670951158 0.012210796915166995 0.020565552699228676
12 0.5706940874035991 0.853470437017995 0.017994858611825107 0.020565552699228676
0 0.2731362467866324 0.8941730934018852 0.0218508997429306 0.016281062553556325
0 0.1928020565552699 0.7772065124250215 0.010282776349614409 0.015424164524421542
0 0.17641388174807196 0.7592116538131964 0.0096401028277635 0.010282776349614409
0 0.2589974293059126 0.7596401028277634 0.016709511568123395 0.021422450728363317
13 0.2824550128534704 0.6413881748071979 0.01863753213367609 0.024850042844901523
11 0.2673521850899743 0.5574121679520136 0.025706940874035952 0.02827763496143966
4 0.14524421593830333 0.5415595544130248 0.015424164524421613 0.011996572407883477
0 0.21111825192802058 0.37789203084832906 0.012210796915167101 0.022279348757497885
0 0.14652956298200515 0.2977720651242502 0.010282776349614373 0.019708654670094247
0 0.15424164524421594 0.2819194515852613 0.010282776349614373 0.011996572407883477
0 0.18508997429305915 0.27677806341045413 0.020565552699228783 0.018851756640959713
12 0.15552699228791775 0.2403598971722365 0.015424164524421613 0.019708654670094285
0 0.2519280205655527 0.1932305055698372 0.015424164524421613 0.023136246786632383
0 0.34318766066838047 0.17009425878320478 0.007712082262210771 0.011139674378748942
12 0.3129820051413882 0.17223650385604114 0.019280205655527034 0.011996572407883477
0 0.36343187660668375 0.21765209940017136 0.013496143958868884 0.01713796058269068
0 0.3088046272493573 0.30848329048843187 0.0044987146529563305 0.011996572407883406
13 0.39524421593830333 0.27849185946872324 0.019280205655527 0.025706940874035952
0 0.5061053984575835 0.39374464438731793 0.013496143958868955 0.029991431019708657
12 0.36182519280205655 0.3410454155955441 0.00899742930591259 0.023993144815766882
12 0.37885604113110544 0.3367609254498714 0.021208226221079728 0.018851756640959748
0 0.5803341902313625 0.2922022279348757 0.011568123393316228 0.023993144815766917
0 0.5983290488431876 0.2986289631533847 0.014138817480719865 0.024850042844901523
0 0.7551413881748071 0.18080548414738642 0.029562982005141406 0.02227934875749785
0 0.6719151670951158 0.0882604970008569 0.016066838046272524 0.008568980291345323
0 0.6474935732647815 0.47643530419880037 0.01863753213367609 0.013710368466152544
0 0.7024421593830334 0.48586118251928023 0.0064267352185089525 0.015424164524421542
0 0.7268637532133675 0.45672664952870606 0.01670951156812336 0.011996572407883477
0 0.7859897172236504 0.4502999143101971 0.014138817480719722 0.016281062553556182
12 0.7583547557840618 0.44044558697515 0.01799485861182518 0.02742073693230502
0 0.6821979434447301 0.38646101113967435 0.010925449871465247 0.01713796058269061
0 0.7117609254498715 0.40616966580976865 0.016066838046272524 0.01713796058269068
0 0.6539203084832904 0.33547557840616965 0.010925449871465426 0.017994858611825076
0 0.8149100257069409 0.23821765209940018 0.015424164524421684 0.01371036846615251
0 0.8110539845758357 0.41730934018851756 0.010282776349614409 0.02570694087403602
0 0.7949871465295629 0.40231362467866316 0.014138817480719865 0.019708654670094247
0 0.7599614395886889 0.3496143958868895 0.012210796915167209 0.013710368466152544
0 0.7753856041131105 0.37360754070265634 0.009640102827763428 0.013710368466152544
0 0.8206940874035991 0.6563838903170524 0.00899742930591259 0.023993144815767097
13 0.45340616966580977 0.5912596401028277 0.013496143958868884 0.030848329048843156
12 0.5273136246786633 0.5377035132819195 0.022493573264781474 0.02656383890317059
0 0.6497429305912595 0.41730934018851756 0.01670951156812336 0.015424164524421613
0 0.5096401028277635 0.3183376178234791 0.014138817480719722 0.01456726649528708
0 0.4977506426735219 0.23778920308483292 0.0173521850899742 0.011139674378748942
0 0.48843187660668375 0.21679520137103686 0.017994858611825107 0.018851756640959713
12 0.44730077120822626 0.194515852613539 0.015424164524421613 0.018851756640959748
0 0.5318123393316195 0.18851756640959727 0.013496143958868884 0.018851756640959713
0 0.5433804627249357 0.15509854327335046 0.021208226221079655 0.029134532990574124
0 0.3946015424164524 0.4498714652956298 0.007712082262210771 0.011996572407883406
0 0.23168380462724933 0.4845758354755785 0.027634961439588716 0.021422450728363386
