7 0.2698524594306946 0.38794824481010437 0.01810723915696144 0.029018431901931763
7 0.19924518465995789 0.2734527587890625 0.02342541515827179 0.02654227614402771
7 0.4178074896335602 0.15461474657058716 0.02216912806034088 0.02665792778134346
4 0.9717832803726196 0.42452627420425415 0.01947973668575287 0.020212320610880852
0 0.7045833468437195 0.47311636805534363 0.019110962748527527 0.02767549641430378
12 0.8731784820556641 0.1638285368680954 0.012647277675569057 0.02158750407397747
4 0.10231515765190125 0.4548785090446472 0.0160005334764719 0.024661865085363388
7 0.7725231647491455 0.5536340475082397 0.02263958752155304 0.02967403084039688
7 0.3290270268917084 0.3155154585838318 0.01608697511255741 0.02495473250746727
7 0.2883099317550659 0.5258450508117676 0.018679047003388405 0.03452323377132416
4 0.13686242699623108 0.3407624661922455 0.017920836806297302 0.03097725473344326
4 0.8078008890151978 0.5068474411964417 0.019228821620345116 0.02657202072441578
4 0.7416726350784302 0.15027844905853271 0.015738097950816154 0.022178394719958305
12 0.7770237922668457 0.35934367775917053 0.01704302988946438 0.02256917394697666
7 0.2547082006931305 0.49638140201568604 0.024939194321632385 0.02513110265135765
0 0.4975687265396118 0.7435413599014282 0.020795440301299095 0.03454972431063652
7 0.5142951011657715 0.3095511794090271 0.02133520506322384 0.02803027257323265
4 0.6277717351913452 0.7196645736694336 0.017571227625012398 0.01957535743713379
7 0.7139962315559387 0.2075941562652588 0.02083129808306694 0.0242890827357769
12 0.11011823155656263 0.2765524876148351 0.014859553804779156 0.022850087362612223
4 0.3646690547466278 0.42803841829299927 0.014660736545920372 0.021023845300078392
0 0.33388981223106384 0.46291738748550415 0.013072754256427288 0.01956404559314251
0 0.20585019886493683 0.11181534826755524 0.022552398964762688 0.023642415180802345
12 0.2842404842376709 0.10981699824333191 0.01750216633081436 0.024672729894518852
0 0.557780921459198 0.7596666812896729 0.027608642354607582 0.02666219137609005
4 0.8403418064117432 0.4074406623840332 0.01762731932103634 0.017791585996747017
12 0.359256774187088 0.495037317276001 0.012198151089251041 0.020394694060087204
7 0.4715980291366577 0.5583832859992981 0.01807766780257225 0.02870837412774563
8 0.6877326369285583 0.10494115948677063 0.016329223290085793 0.02298225834965706
7 0.635004460811615 0.1434261053800583 0.014902709983289242 0.0325990691781044
0 0.27418458461761475 0.3262978792190552 0.022955231368541718 0.03100864589214325
7 0.20676632225513458 0.49699267745018005 0.01808949187397957 0.03164880350232124
7 0.41954151064080875 0.2923536517217615 0.02415206842124462 0.02916095033288002
8 0.2802056555269923 0.7489288774635818 0.019280205655527 0.020565552699228818
12 0.208547557840617 0.15509854327335046 0.023778920308483293 0.01885175664095973
0 0.2634961439588689 0.17009425878320478 0.006426735218509023 0.011139674378748942
0 0.28952442159383035 0.07626392459297344 0.014781491002570703 0.015424164524421594
12 0.32037275064267356 0.574121679520137 0.021208226221079693 0.013710368466152473
12 0.21272493573264784 0.47257926306769493 0.029562982005141406 0.014567266495287043
4 0.1690231362467866 0.20522707797772063 0.014138817480719794 0.012853470437017976
0 0.44408740359897175 0.0959725792630677 0.020565552699228818 0.017137960582690646
4 0.3515424164524421 0.6786632390745504 0.01670951156812336 0.013710368466152402
0 0.33033419023136246 0.8628963153384747 0.00899742930591259 0.00856898029134527
0 0.4469794344473008 0.8389031705227077 0.016066838046272524 0.015424164524421542
12 0.5077120822622108 0.6045415595544131 0.016709511568123434 0.03341902313624679
12 0.5485218508997429 0.3791773778920309 0.016066838046272524 0.01799485861182525
12 0.5061053984575835 0.20951156812339333 0.01735218508997427 0.019708654670094285
12 0.5812982005141388 0.07883461868037704 0.021208226221079728 0.017137960582690664
8 0.5751928020565553 0.12125107112253643 0.015424164524421628 0.01799485861182524
8 0.49775064267352187 0.11910882604970009 0.01735218508997434 0.022279348757497867
8 0.45919023136246784 0.07754927163667524 0.01735218508997434 0.01799485861182519
4 0.4386246786632391 0.31405312767780635 0.021208226221079728 0.02142245072836335
12 0.41291773778920304 0.6491002570694087 0.01863753213367609 0.021422450728363317
6 0.42769922879177386 0.6366752356469579 0.01992287917737791 0.02570694087403602
0 0.6960154241645244 0.786203941730934 0.019280205655527 0.023136246786632456
0 0.8743573264781491 0.7613538988860326 0.022493573264781474 0.02142245072836346
0 0.887853470437018 0.4970008568980292 0.014781491002570703 0.020565552699228818
8 0.9501928020565552 0.39331619537275064 0.022493573264781474 0.022279348757497815
0 0.8557197943444729 0.39760068551842326 0.010925449871465247 0.032562125107112296
12 0.7345758354755784 0.47643530419880037 0.020565552699228818 0.01885175664095968
0 0.7043701799485862 0.3256212510711225 0.010282776349614409 0.013710368466152544
8 0.6552056555269923 0.24807197943444734 0.014781491002570703 0.029991431019708692
12 0.8020565552699229 0.23693230505569837 0.02827763496143973 0.024850042844901454
12 0.7985218508997428 0.19408740359897173 0.016066838046272524 0.017994858611825214
0 0.762210796915167 0.10068551842330763 0.012853470437018046 0.009425878320479874
0 0.7811696658097685 0.18851756640959724 0.007069408740359932 0.010282776349614409
0 0.7519280205655526 0.2197943444730077 0.00899742930591259 0.011139674378748942
0 0.8823907455012854 0.0831191088260497 0.020565552699228818 0.018851756640959724
0 0.9193444730077122 0.12724935732647816 0.018637532133676016 0.021422450728363317
0 0.8377249357326477 0.22922022279348755 0.013496143958868884 0.02656383890317052
12 0.5732647814910026 0.4481576692373608 0.020565552699228745 0.022279348757497885
8 0.538560411311054 0.5355612682090831 0.02699228791773784 0.015424164524421542
14 0.4977506426735219 0.5574121679520138 0.0173521850899742 0.01970865467009432
12 0.5276349614395887 0.41045415595544127 0.02313624678663238 0.015424164524421613
12 0.47750642673521854 0.3389031705227078 0.020565552699228818 0.01970865467009432
0 0.4058483290488432 0.3213367609254499 0.0096401028277635 0.015424164524421578
0 0.4190231362467866 0.3496143958868895 0.011568123393316228 0.010282776349614409
13 0.2969151670951157 0.3110539845758355 0.016709511568123395 0.018851756640959748
0 0.3261568123393316 0.7656383890317052 0.01863753213367609 0.00942587832047991
0 0.7172236503856041 0.21850899742930593 0.010282776349614409 0.015424164524421578
14 0.8383676092544988 0.3864610111396744 0.0173521850899742 0.01885175664095968
14 0.8380462724935731 0.3658954584404456 0.012853470437018046 0.01885175664095968
13 0.824228791773779 0.38646101113967435 0.009640102827763428 0.032562125107112296
0 0.791452442159383 0.4130248500428449 0.016066838046272524 0.013710368466152544
