4 0.14505022764205933 0.5319592356681824 0.023465164005756378 0.027851074934005737
8 0.39319470524787903 0.6980278491973877 0.022715667262673378 0.025633951649069786
4 0.7291915416717529 0.37000682950019836 0.016761047765612602 0.02176603116095066
12 0.7797310948371887 0.7864738702774048 0.017522644251585007 0.024921711534261703
10 0.8220146298408508 0.7251889705657959 0.016171997413039207 0.01992976851761341
8 0.6022310853004456 0.5981680750846863 0.01754608191549778 0.023763306438922882
4 0.4898308515548706 0.15627911686897278 0.017770079895853996 0.02018655464053154
4 0.3356192111968994 0.18106994032859802 0.017777802422642708 0.02138492837548256
14 0.18203625082969666 0.7573490142822266 0.020073257386684418 0.024467121809720993
12 0.5590343826227752 0.6668761372566212 0.026937298804694018 0.021065145730972273
4 0.9219260215759277 0.3936292827129364 0.016864990815520287 0.026725098490715027
8 0.49814075231552124 0.5274785757064819 0.016789153218269348 0.02695922926068306
10 0.8503006641539943 0.6504571491464549 0.016162300369867336 0.023633412566697445
12 0.45526629134744484 0.16740383207797976 0.02594908900022651 0.023701660335063917
4 0.7189576029777527 0.11552254110574722 0.017409179359674454 0.024190276861190796
0 0.4418092668056488 0.11646854877471924 0.01433657854795456 0.023268066346645355
14 0.2122963951531903 0.6844284695340919 0.014005279168486595 0.02440999262034893
12 0.6473897099494934 0.6745535731315613 0.015656128525733948 0.01764221116900444
11 0.7957417964935303 0.2360263615846634 0.017234191298484802 0.025055766105651855
8 0.23263061046600342 0.34731966257095337 0.019266419112682343 0.022438354790210724
4 0.18629300594329834 0.26434779167175293 0.014652419835329056 0.019548339769244194
7 0.7979090809822083 0.33891165256500244 0.01798883080482483 0.022022012621164322
7 0.6960818767547607 0.5718615651130676 0.018758056685328484 0.024960733950138092
4 0.773607075214386 0.5759426355361938 0.016488220542669296 0.02130737341940403
4 0.5981300473213196 0.5336419939994812 0.015709105879068375 0.01971663348376751
6 0.4597799777984616 0.32430990725985526 0.015338042750954623 0.027227890933923526
12 0.721369743347168 0.7654401063919067 0.01544018555432558 0.02328873611986637
8 0.4361238479614258 0.731174886226654 0.01769302412867546 0.02987011708319187
4 0.5949255228042603 0.7747532725334167 0.017676208168268204 0.020767170935869217
8 0.6283646821975708 0.46037614345550537 0.015345214866101742 0.0276996660977602
0 0.866413950920105 0.13321754336357117 0.019882384687662125 0.026317454874515533
10 0.31289358854600263 0.4201590934418775 0.018529938083802808 0.024886744342674176
12 0.4978361129760742 0.49239298701286316 0.014230895787477493 0.019179198890924454
14 0.565898597240448 0.5699529051780701 0.01749853603541851 0.02216341160237789
12 0.4803984575835476 0.5055698371893744 0.012210796915167067 0.02742073693230502
12 0.3306555269922879 0.48329048843187666 0.01606683804627245 0.01713796058269068
0 0.25289203084832906 0.31962296486718084 0.0096401028277635 0.017137960582690646
0 0.2712082262210797 0.3144815766923736 0.01285347043701801 0.018851756640959713
13 0.1545629820051414 0.7005141388174807 0.018637532133676124 0.019708654670094177
0 0.24646529562982003 0.8089117395029991 0.010925449871465282 0.010282776349614267
0 0.26831619537275064 0.8093401885175663 0.016066838046272524 0.01970865467009432
0 0.2837403598971722 0.8046272493573265 0.0096401028277635 0.022279348757497815
0 0.30816195372750643 0.8131962296486719 0.01735218508997427 0.015424164524421684
11 0.35057840616966585 0.7896315338474722 0.010925449871465319 0.023136246786632456
0 0.5343830334190232 0.8127677806341046 0.01992287917737791 0.01970865467009432
0 0.6632390745501285 0.9215938303341902 0.015424164524421542 0.012853470437017905
0 0.8245501285347043 0.7712082262210797 0.015424164524421684 0.022279348757497815
8 0.7050128534704371 0.7167952013710368 0.01670951156812336 0.024850042844901454
0 0.5829048843187661 0.699228791773779 0.012853470437017976 0.015424164524421684
6 0.18926735218508997 0.602827763496144 0.022493573264781474 0.021422450728363386
6 0.25931876606683807 0.4785775492716367 0.023778920308483293 0.01799485861182518
12 0.2660668380462725 0.4267352185089975 0.016709511568123395 0.015424164524421613
0 0.56073264781491 0.14824335904027422 0.013496143958868884 0.01885175664095973
0 0.672879177377892 0.36032562125107104 0.016709511568123503 0.019708654670094247
4 0.6693444730077122 0.4155955441302486 0.016066838046272524 0.018851756640959748
0 0.5655526992287918 0.45972579263067703 0.015424164524421613 0.014567266495287114
0 0.5996143958868895 0.44772922022279343 0.011568123393316228 0.023136246786632383
14 0.615038560411311 0.44944301628106254 0.014138817480719936 0.024850042844901454
12 0.6580976863753213 0.4772922022279349 0.02056555269922896 0.020565552699228745
0 0.5809768637532133 0.4335904027420737 0.012853470437017976 0.020565552699228887
8 0.22782776349614395 0.5826906598114825 0.016066838046272486 0.029134532990574228
4 0.33033419023136246 0.7373607540702656 0.012853470437018046 0.024850042844901596
0 0.33965295629820047 0.7433590402742074 0.0096401028277635 0.01799485861182518
4 0.3605398457583548 0.7776349614395887 0.01799485861182518 0.024850042844901454
0 0.3929948586118252 0.7836332476435305 0.012210796915167068 0.01970865467009432
12 0.41034704370179953 0.3479005998286204 0.014781491002570703 0.01713796058269068
0 0.4730077120822622 0.3114824335904028 0.012853470437018046 0.017994858611825214
12 0.6526349614395887 0.19622964867180806 0.01863753213367616 0.015424164524421578
12 0.6529562982005139 0.2682090831191088 0.01028277634961432 0.02570694087403598
12 0.6584190231362467 0.2656383890317052 0.007069408740359932 0.027420736932305054
12 0.6680591259640103 0.26992287917737784 0.01606683804627238 0.023993144815766917
0 0.7718508997429306 0.3204798628963153 0.014138817480719865 0.017137960582690646
0 0.897172236503856 0.17566409597257931 0.011568123393316228 0.017137960582690646
12 0.7830976863753213 0.3971722365038561 0.01863753213367616 0.019708654670094247
0 0.7731362467866325 0.37703513281919454 0.015424164524421542 0.022279348757497885
6 0.7062982005141387 0.49785775492716366 0.019280205655527 0.029134532990574086
14 0.7169023136246787 0.5604113110539846 0.021208226221079655 0.022279348757497958
0 0.7281491002570694 0.6593830334190233 0.00899742930591259 0.01628106255355604
0 0.7503213367609254 0.6495287060839761 0.013496143958868884 0.01713796058269054
0 0.8174807197943444 0.6182519280205656 0.0064267352185089525 0.016281062553556182
13 0.8586118251928021 0.5732647814910026 0.020565552699228818 0.01542416452442147
0 0.5970437017994858 0.8697514995715511 0.012853470437017976 0.015424164524421684
12 0.34736503856041134 0.5377035132819195 0.013496143958868884 0.02656383890317059
0 0.3589331619537275 0.5299914310197086 0.010925449871465319 0.017994858611825107
12 0.4106683804627249 0.6165381319622965 0.014138817480719865 0.02485004284490138
8 0.16388174807197933 0.3881748071979434 0.014138817480719934 0.023993144815766875
12 0.17320051413881749 0.33333333333333337 0.016066838046272486 0.025706940874035952
12 0.18605398457583547 0.34661525278491856 0.017352185089974305 0.012853470437017905
0 0.13303341902313626 0.22193658954584403 0.00899742930591259 0.011996572407883477
0 0.33483290488431877 0.130248500428449 0.010282776349614409 0.015424164524421595
14 0.6002570694087404 0.6718080548414739 0.01542416452442147 0.02742073693230509
