8 0.23431093990802765 0.6090068221092224 0.019080352038145065 0.022299479693174362
8 0.4107803404331207 0.43238404393196106 0.01585235632956028 0.023537272587418556
8 0.6849603056907654 0.3307439684867859 0.016350097954273224 0.0210596714168787
8 0.5141388174807198 0.5381319622964867 0.020565552699228745 0.023993144815766813
0 0.8158740359897172 0.6122536418166239 0.012210796915167209 0.01799485861182518
8 0.16773778920308482 0.47514995715509856 0.0231362467866324 0.029991431019708657
14 0.5051413881748072 0.3406169665809769 0.01799485861182518 0.02656383890317059
0 0.8107326478149101 0.38174807197943444 0.01092544987146539 0.01970865467009432
0 0.8309768637532133 0.37703513281919454 0.015424164524421684 0.01713796058269061
13 0.9080976863753213 0.39502999143101974 0.019280205655526857 0.02913453299057416
