8 0.7124035989717225 0.6988003427592117 0.018637532133676016 0.019708654670094177
0 0.41838046272493573 0.35818337617823476 0.014138817480719794 0.01713796058269061
0 0.7438946015424165 0.38988860325621255 0.013496143958868884 0.015424164524421542
0 0.6188946015424165 0.543273350471294 0.010282776349614338 0.015424164524421613
14 0.2525706940874036 0.33076263924592975 0.021850899742930564 0.023993144815766955
14 0.29241645244215936 0.5612682090831191 0.021850899742930564 0.020565552699228818
8 0.5735861182519281 0.3706083976006855 0.021208226221079655 0.019708654670094247
8 0.5967223650385605 0.38517566409597265 0.019922879177377836 0.023136246786632383
0 0.6269280205655527 0.41559554413024846 0.0096401028277635 0.013710368466152544
0 0.7493573264781491 0.7510711225364182 0.014138817480719722 0.01799485861182518
0 0.7156169665809771 0.7493573264781491 0.013496143958868884 0.01628106255355604
