13 0.48275862068965514 0.5428824049513704 0.014588859416445672 0.030061892130857616
13 0.49104774535809015 0.48894783377542 0.008620689655172455 0.024756852343059136
13 0.5573607427055702 0.4880636604774536 0.011273209549071623 0.02829354553492479
0 0.5026525198938991 0.42926613616268794 0.026525198938991964 0.015030946065428808
13 0.7665782493368701 0.601237842617153 0.010610079575596813 0.026525198938992033
13 0.8212864721485411 0.4854111405835544 0.01790450928381972 0.022988505747126454
13 0.6140583554376657 0.34305923961096374 0.01856763925729446 0.014146772767462465
13 0.3199602122015915 0.3041556145004421 0.013925729442970826 0.02298850574712642
13 0.4913793103448276 0.6162687886825817 0.01724137931034484 0.0212201591511937
13 0.21949602122015918 0.5008841732979664 0.02519893899204245 0.015030946065428808
