0 0.5119695663452148 0.1038004532456398 0.024301178753376007 0.0335238054394722
0 0.26345738768577576 0.6935511827468872 0.013371642678976059 0.03336551785469055
0 0.394135057926178 0.6091978549957275 0.02552065998315811 0.019645508378744125
0 0.23202283680438995 0.3062693178653717 0.024583037942647934 0.02409006841480732
0 0.6508283561483447 0.13657141665209024 0.02433599904179573 0.025649862363934517
0 0.614338755607605 0.3776249885559082 0.02268688939511776 0.026658935472369194
0 0.9062498807907104 0.32071107625961304 0.023378722369670868 0.02873852476477623
0 0.8074606440980514 0.7684769574760267 0.023096434772014618 0.024233723059296608
0 0.8040143251419067 0.14480121433734894 0.024178344756364822 0.026288136839866638
0 0.8099589456629324 0.23089875141677432 0.02335015870630741 0.018748942762613297
0 0.6011736989021301 0.11532530933618546 0.025441955775022507 0.02863376960158348
0 0.18426728248596191 0.7405481934547424 0.020751098170876503 0.02300504595041275
12 0.7339331619537276 0.6730934018851759 0.023136246786632314 0.01970865467009432
12 0.3165167095115681 0.20736932305055697 0.01349614395886885 0.027420736932305054
0 0.3997429305912597 0.14867180805484145 0.014138817480719794 0.012853470437017976
0 0.4338046272493573 0.1289631533847472 0.011568123393316228 0.01628106255355613
0 0.12853470437017994 0.29134532990574125 0.015424164524421578 0.015424164524421578
0 0.05012853470437018 0.36975149957155096 0.015424164524421595 0.028277634961439587
0 0.05366323907455013 0.4430162810625536 0.012210796915167101 0.013710368466152544
0 0.046272493573264774 0.5994001713796058 0.01542416452442159 0.01799485861182518
0 0.03534704370179949 0.5745501285347043 0.010282776349614392 0.014567266495287114
0 0.042095115681233926 0.5372750642673522 0.026349614395886886 0.029134532990574086
0 0.08065552699228792 0.49614395886889456 0.016066838046272503 0.010282776349614338
0 0.18991002570694085 0.6443873179091688 0.018637532133676055 0.01028277634961448
12 0.19569408740359895 0.6156812339331619 0.021208226221079682 0.035132819194515566
8 0.3711439588688946 0.5728363324764352 0.01735218508997434 0.03341902313624679
0 0.5703727506426735 0.6996572407883462 0.014781491002570632 0.01970865467009432
0 0.5874035989717225 0.7360754070265638 0.010282776349614409 0.013710368466152544
13 0.6368894601542416 0.675235646958012 0.02570694087403609 0.02570694087403609
0 0.6760925449871464 0.6700942587832048 0.014138817480719722 0.01885175664095968
0 0.701478149100257 0.6700942587832048 0.008354755784061751 0.013710368466152402
0 0.7429305912596402 0.6011139674378749 0.006426735218509094 0.012853470437017976
0 0.7830976863753213 0.6263924592973436 0.01478149100257056 0.020565552699228887
12 0.7904884318766067 0.6071122536418166 0.011568123393316228 0.021422450728363317
12 0.81073264781491 0.6645244215938303 0.022493573264781474 0.01970865467009432
13 0.7557840616966581 0.7069408740359897 0.02570694087403609 0.023993144815766813
0 0.7246143958868895 0.7519280205655526 0.014781491002570703 0.021422450728363174
0 0.782133676092545 0.7656383890317052 0.012853470437017905 0.019708654670094177
0 0.7866323907455012 0.7527849185946871 0.008997429305912448 0.019708654670094177
0 0.9068123393316196 0.6002570694087405 0.029562982005141264 0.023136246786632383
0 0.9148457583547557 0.5702656383890318 0.00964010282776357 0.01970865467009432
0 0.8573264781491002 0.5278491859468722 0.023136246786632314 0.030848329048843156
0 0.8717866323907455 0.44173093401885183 0.013496143958868884 0.023136246786632383
0 0.8036632390745502 0.20522707797772063 0.02249357326478133 0.029991431019708657
0 0.868573264781491 0.21251071122536416 0.010925449871465247 0.015424164524421578
11 0.737789203084833 0.10925449871465297 0.02699228791773791 0.019708654670094264
0 0.6937660668380462 0.08097686375321338 0.012210796915167067 0.017994858611825197
0 0.6304627249357326 0.0805484147386461 0.012853470437018046 0.017137960582690664
0 0.5446658097686374 0.15638389031705227 0.013496143958868884 0.02142245072836337
0 0.5343830334190232 0.15981148243359042 0.0096401028277635 0.01628106255355613
0 0.4942159383033419 0.1610968294772922 0.012853470437017976 0.010282776349614392
0 0.5276349614395887 0.271636675235647 0.007712082262210771 0.011996572407883477
0 0.5571979434447302 0.41816623821765214 0.016709511568123434 0.032562125107112226
0 0.4897172236503856 0.4502999143101971 0.007712082262210771 0.016281062553556182
6 0.5057840616966581 0.44473007712082263 0.021850899742930564 0.020565552699228818
0 0.5755141388174807 0.4644387317909168 0.016066838046272524 0.02570694087403602
0 0.5494858611825193 0.4494430162810626 0.006426735218509023 0.00942587832047984
0 0.7236503856041131 0.4241645244215938 0.015424164524421542 0.011996572407883549
0 0.7194730077120823 0.390745501285347 0.012210796915167209 0.025706940874035952
0 0.7355398457583547 0.4027420736932305 0.010925449871465247 0.013710368466152544
0 0.7570694087403598 0.39288774635818335 0.012853470437018046 0.014567266495287043
0 0.7679948586118251 0.41388174807197936 0.010282776349614324 0.011996572407883578
0 0.6744858611825194 0.5209940017137961 0.0173521850899742 0.01713796058269068
0 0.47429305912596403 0.5998286203941732 0.012853470437017976 0.015424164524421613
0 0.15295629820051412 0.38774635818337616 0.012853470437017976 0.016281062553556113
0 0.09125964010282775 0.22579263067694946 0.012853470437017993 0.024850042844901454
0 0.2792416452442159 0.1186803770351328 0.009640102827763463 0.007712082262210789
0 0.2869537275064267 0.37532133676092544 0.01992287917737791 0.030848329048843156
0 0.2985218508997429 0.37489288774635815 0.010925449871465247 0.012853470437017905
0 0.4052056555269922 0.3538988860325621 0.007069408740359861 0.013710368466152544
0 0.5655526992287918 0.5432733504712939 0.014138817480719794 0.01713796058269068
0 0.38753213367609257 0.47429305912596403 0.01799485861182518 0.019708654670094247
8 0.23746786632390746 0.41559554413024846 0.01735218508997427 0.032562125107112226
0 0.34383033419023135 0.40745501285347047 0.011568123393316228 0.016281062553556113
0 0.4714010282776349 0.3281919451585262 0.014781491002570703 0.017137960582690716
14 0.4910025706940874 0.29777206512425025 0.012853470437017976 0.021422450728363282
0 0.5851542416452442 0.3397600685518423 0.013496143958868884 0.02999143101970865
12 0.6670951156812339 0.37574978577549273 0.021850899742930495 0.016281062553556113
0 0.6613110539845758 0.38774635818337616 0.01670951156812336 0.016281062553556113
0 0.7654241645244215 0.299057412167952 0.014138817480719722 0.030848329048843156
0 0.5186375321336761 0.2403598971722365 0.015424164524421684 0.019708654670094285
12 0.48746786632390754 0.5659811482433591 0.01606683804627245 0.021422450728363244
0 0.17962724935732644 0.48114824335904033 0.007069408740359897 0.016281062553556113
0 0.18894601542416453 0.46700942587832045 0.012853470437017976 0.011996572407883477
0 0.17030848329048845 0.45415595544130255 0.010282776349614409 0.020565552699228745
