0 0.28752484917640686 0.32432821393013 0.02398495562374592 0.030547669157385826
0 0.3662409484386444 0.6269974112510681 0.02290496788918972 0.024308227002620697
0 0.23233617842197418 0.12006040662527084 0.020875167101621628 0.023904947564005852
10 0.6732005141388174 0.5218508997429306 0.016066838046272524 0.02570694087403588
13 0.6211439588688947 0.331191088260497 0.01735218508997427 0.016281062553556113
0 0.49357326478149105 0.3363324764353041 0.017994858611825332 0.017994858611825235
0 0.3811053984575835 0.3461868037703513 0.011568123393316228 0.013710368466152473
0 0.25064267352185093 0.408311910882605 0.01285347043701801 0.021422450728363317
0 0.2622107969151671 0.4237360754070265 0.01799485861182518 0.011139674378748979
13 0.27120822622107965 0.42373607540702657 0.017994858611825214 0.031705227077977724
0 0.2802056555269923 0.40916880891173946 0.012853470437017976 0.012853470437017976
0 0.359254498714653 0.3808911739502999 0.011568123393316228 0.014567266495287043
0 0.1879820051413882 0.38731790916880887 0.012210796915167101 0.01713796058269068
0 0.1776992287917738 0.2660668380462725 0.012210796915167101 0.019708654670094247
0 0.22943444730077117 0.14824335904027422 0.006426735218508988 0.011996572407883458
0 0.2544987146529563 0.17266495287060843 0.007712082262210806 0.009425878320479874
4 0.23136246786632392 0.19494430162810628 0.023136246786632383 0.016281062553556113
0 0.31426735218509 0.15895458440445587 0.0064267352185089525 0.009425878320479857
0 0.4537275064267352 0.11482433590402742 0.012853470437017976 0.013710368466152544
0 0.448586118251928 0.0882604970008569 0.010282776349614409 0.015424164524421595
0 0.4717223650385604 0.1803770351328192 0.010282776349614409 0.02142245072836335
0 0.5539845758354756 0.16323907455012854 0.012853470437017976 0.017994858611825197
0 0.5661953727506427 0.14567266495287062 0.011568123393316228 0.0205655526992288
0 0.589974293059126 0.16066838046272494 0.005141388174807276 0.01628106255355613
0 0.6336760925449871 0.1675235646958012 0.01799485861182525 0.0231362467866324
0 0.673521850899743 0.0856898029134533 0.010282776349614267 0.01713796058269067
4 0.7062982005141387 0.15766923736075406 0.01670951156812336 0.0205655526992288
4 0.7512853470437019 0.11139674378748929 0.011568123393316228 0.023993144815766917
0 0.6985861182519281 0.4532990574121679 0.008997429305912732 0.011996572407883477
0 0.6857326478149101 0.44558697514995715 0.00899742930591259 0.013710368466152473
13 0.6844473007712082 0.4215938303341902 0.016709511568123503 0.020565552699228745
0 0.6098971722365039 0.42330762639245934 0.01670951156812336 0.023993144815766882
0 0.6105398457583547 0.401885175664096 0.020565552699228745 0.018851756640959748
0 0.6082904884318766 0.35047129391602394 0.0096401028277635 0.015424164524421613
0 0.634318766066838 0.36032562125107104 0.011568123393316157 0.014567266495287114
0 0.6545629820051414 0.3723221936589546 0.007069408740359932 0.017994858611825107
0 0.7985218508997428 0.2596401028277635 0.012210796915166924 0.011996572407883441
0 0.8267994858611826 0.24764353041988002 0.009640102827763286 0.015424164524421613
0 0.8573264781491002 0.25149957155098546 0.010282776349614409 0.005998286203941774
0 0.833547557840617 0.2754927163667524 0.029562982005141406 0.029991431019708623
12 0.7461439588688945 0.17780634104541562 0.00899742930591259 0.017994858611825214
0 0.8239074550128536 0.13281919451585264 0.012853470437018046 0.011996572407883458
0 0.8213367609254498 0.16580976863753213 0.007712082262210913 0.016281062553556113
0 0.8541131105398457 0.1683804627249357 0.00899742930591259 0.007712082262210806
0 0.6452442159383033 0.6233933161953727 0.017994858611825107 0.023136246786632314
0 0.6838046272493574 0.6216795201371038 0.023136246786632456 0.016281062553556113
0 0.5980077120822622 0.7386461011139674 0.01735218508997427 0.013710368466152544
4 0.5141388174807198 0.8367609254498715 0.01542416452442147 0.014567266495287043
0 0.3367609254498714 0.8204798628963154 0.01413881748071972 0.012853470437017905
0 0.20822622107969152 0.8727506426735218 0.015424164524421578 0.011139674378748908
0 0.25674807197943444 0.8838903170522708 0.013496143958868884 0.012853470437017905
0 0.10411311053984576 0.4931448157669237 0.015424164524421595 0.01799485861182518
0 0.13239074550128535 0.31405312767780635 0.015424164524421595 0.016281062553556075
0 0.6545629820051414 0.8380462724935732 0.016066838046272524 0.01713796058269054
0 0.6995501285347043 0.8740359897172236 0.014781491002570703 0.020565552699228818
0 0.7451799485861181 0.8431876606683805 0.02763496143958875 0.029134532990574086
0 0.44922879177377895 0.5535561268209083 0.01670951156812336 0.02913453299057416
0 0.3991002570694087 0.589974293059126 0.008997429305912519 0.011139674378748908
0 0.3836760925449872 0.6066838046272494 0.006426735218509023 0.011996572407883477
0 0.327120822622108 0.5655526992287918 0.011568123393316228 0.010282776349614409
11 0.34897172236503854 0.5784061696658097 0.011568123393316228 0.023993144815766955
0 0.336439588688946 0.5398457583547558 0.0032133676092544763 0.006855184233076201
0 0.39974293059125965 0.5029991431019708 0.007712082262210771 0.01713796058269061
0 0.3698586118251928 0.5077120822622108 0.013496143958868884 0.012853470437018046
13 0.4251285347043702 0.4777206512425022 0.013496143958868884 0.021422450728363244
0 0.47943444730077117 0.3997429305912597 0.010282776349614338 0.016281062553556113
13 0.5019280205655526 0.35689802913453295 0.016709511568123434 0.029991431019708657
0 0.5395244215938303 0.5586975149957155 0.005784061696658114 0.00856898029134534
12 0.8203727506426735 0.4361610968294773 0.012210796915167067 0.01885175664095968
14 0.8104113110539845 0.4605826906598115 0.014138817480719722 0.014567266495287043
0 0.8129820051413881 0.3543273350471294 0.014138817480719722 0.014567266495287043
0 0.1410668380462725 0.5501285347043702 0.016066838046272486 0.01885175664095968
13 0.1237146529562982 0.5179948586118251 0.017352185089974305 0.029991431019708584
13 0.5822622107969151 0.8624678663239075 0.015424164524421613 0.01628106255355604
13 0.4942159383033419 0.7566409597257925 0.011568123393316228 0.011996572407883406
13 0.4408740359897172 0.7540702656383891 0.01028277634961448 0.010282776349614409
6 0.4662596401028277 0.7716366752356469 0.021208226221079728 0.026563838903170447
0 0.24871465295629822 0.731790916880891 0.011568123393316228 0.01713796058269068
0 0.30077120822622105 0.5625535561268209 0.01285347043701794 0.019708654670094177
0 0.25803341902313626 0.47900599828620394 0.021208226221079693 0.03427592116538136
4 0.21915167095115684 0.5552699228791773 0.016709511568123395 0.018851756640959748
0 0.3100899742930591 0.38603256212510717 0.007069408740359897 0.012853470437017976
12 0.6423521850899742 0.09682947729220222 0.023778920308483224 0.023993144815766917
0 0.5944730077120822 0.21936589545844043 0.01928020565552707 0.017137960582690646
0 0.6825192802056556 0.24764353041988002 0.028277634961439445 0.025706940874035987
0 0.5787275064267352 0.4383033419023136 0.012210796915166995 0.01799485861182518
0 0.3280848329048843 0.40531276778063413 0.00964010282776357 0.01713796058269061
12 0.3643958868894602 0.4644387317909169 0.00899742930591259 0.022279348757497815
0 0.375 0.4550128534704371 0.010925449871465247 0.023993144815767024
0 0.5784061696658098 0.634961439588689 0.015424164524421613 0.030848329048843156
