8 0.502892030848329 0.5428449014567266 0.01863753213367616 0.026563838903170447
14 0.27570694087403597 0.28149100257069404 0.020565552699228818 0.02142245072836335
0 0.36857326478149105 0.22664952870608396 0.0096401028277635 0.007712082262210806
0 0.5196015424164524 0.634961439588689 0.016066838046272524 0.015424164524421613
13 0.9087403598971723 0.39931448157669236 0.01928020565552714 0.03427592116538129
14 0.5941516709511567 0.7874892887746359 0.021208226221079655 0.029134532990574086
0 0.7220437017994858 0.4520137103684661 0.008354755784061751 0.019708654670094247
8 0.7924164524421593 0.4537275064267353 0.01799485861182518 0.03513281919451586
14 0.8091259640102828 0.37874892887746353 0.021850899742930637 0.015424164524421613
14 0.38239074550128527 0.3783204798628963 0.019280205655526926 0.024850042844901454
