0 0.6983290910720825 0.3310481905937195 0.01891046203672886 0.016677917912602425
0 0.9411953727506426 0.3821765209940017 0.025064267352185112 0.03427592116538129
0 0.9203084832904884 0.4828620394173094 0.024421593830334275 0.021422450728363317
8 0.2837403598971722 0.43316195372750643 0.016066838046272524 0.02656383890317052
14 0.2535347043701799 0.19108826049700084 0.027634961439588716 0.025706940874035987
13 0.41645244215938304 0.14481576692373607 0.021850899742930564 0.022279348757497867
8 0.394280205655527 0.7223650385604113 0.01735218508997434 0.025706940874035952
0 0.5723007712082262 0.7043701799485861 0.027634961439588587 0.02742073693230483
0 0.4360539845758355 0.7664952870608397 0.013496143958868884 0.01799485861182518
0 0.32551413881748076 0.768637532133676 0.021208226221079693 0.025706940874035952
5 0.13881748071979436 0.6593830334190234 0.02185089974293063 0.03341902313624671
6 0.6587403598971722 0.26778063410454156 0.019280205655527 0.031705227077977724
0 0.45019280205655526 0.1469580119965724 0.019922879177377836 0.014567266495287062
