0 0.926413881748072 0.5655526992287918 0.01606683804627238 0.023993144815766955
0 0.86086118251928 0.6735218508997426 0.018637532133676336 0.018851756640959928
4 0.35347043701799485 0.35218508997429304 0.015424164524421684 0.020565552699228818
0 0.2712082262210797 0.6550985432733505 0.010282776349614373 0.01799485861182518
12 0.4791131105398458 0.903598971722365 0.01992287917737791 0.016281062553556182
0 0.6394601542416453 0.40488431876606684 0.008997429305912661 0.012853470437018046
0 0.6715938303341903 0.36718080548414733 0.011568123393316086 0.011139674378748979
0 0.7159383033419023 0.40788346186803764 0.020565552699228818 0.02570694087403602
13 0.5048200514138818 0.3097686375321337 0.012210796915167067 0.02656383890317052
0 0.4559768637532134 0.31405312767780635 0.012210796915167067 0.016281062553556075
0 0.10539845758354754 0.3530419880034276 0.017994858611825197 0.030848329048843225
