0 0.5916498140994565 0.7673639438554783 0.02025183103978634 0.022842692211270332
0 0.2484448254108429 0.6911552548408508 0.01964118890464306 0.028133219107985497
4 0.833724856376648 0.22587935626506805 0.02446185238659382 0.021687397733330727
4 0.47263261675834656 0.18965905904769897 0.020781677216291428 0.02193920873105526
7 0.22180213034152985 0.469544917345047 0.02222050540149212 0.0280403234064579
0 0.12023363262414932 0.5219187140464783 0.025735702365636826 0.019005615264177322
0 0.27986037731170654 0.8828973174095154 0.015640990808606148 0.032443929463624954
0 0.36288347840309143 0.658645510673523 0.027685638517141342 0.02619665488600731
0 0.4872933626174927 0.7158976197242737 0.020569458603858948 0.022384684532880783
0 0.5475555062294006 0.5762001276016235 0.02185681089758873 0.02088659629225731
0 0.8405947089195251 0.6749817132949829 0.024799682199954987 0.022231241688132286
0 0.7737685441970825 0.3362747132778168 0.014718323014676571 0.025745585560798645
0 0.45863237977027893 0.5229280591011047 0.023618774488568306 0.026923054829239845
0 0.21783289313316345 0.7399287223815918 0.023138199001550674 0.019206786528229713
7 0.494363009929657 0.23568770289421082 0.019834227859973907 0.027814554050564766
0 0.8563310503959656 0.3433431088924408 0.021108947694301605 0.02465922012925148
0 0.8053125143051147 0.321149617433548 0.01981036365032196 0.0261707566678524
0 0.25122833251953125 0.7232648730278015 0.017115341499447823 0.028050456196069717
0 0.1485251933336258 0.5321950912475586 0.020128540694713593 0.020374512299895287
0 0.20388177037239075 0.5431069135665894 0.022083740681409836 0.02318827249109745
0 0.2775985598564148 0.1770348846912384 0.022774292156100273 0.023389454931020737
0 0.27070438861846924 0.725475013256073 0.018076354637742043 0.025951985269784927
7 0.8304500579833984 0.610760509967804 0.018471984192728996 0.02623990923166275
4 0.763168454170227 0.28321436047554016 0.01843908615410328 0.028657613322138786
0 0.295390248298645 0.5332121849060059 0.018936676904559135 0.025096150115132332
0 0.5961274829499212 0.7065551714092212 0.02191973850131035 0.01896744780242443
0 0.582000732421875 0.5726396441459656 0.017427673563361168 0.02448474057018757
0 0.22475023567676544 0.31366920471191406 0.020613616332411766 0.024011923000216484
4 0.18830334190231363 0.8590402742073694 0.020565552699228783 0.031705227077977724
0 0.36535989717223655 0.45972579263067703 0.01863753213367609 0.02656383890317052
0 0.40134961439588696 0.4413024850042845 0.013496143958868884 0.030848329048843156
0 0.4267352185089975 0.4241645244215938 0.015424164524421613 0.025706940874035952
0 0.44023136246786615 0.4087403598971723 0.023136246786632716 0.032562125107112344
0 0.4646529562982005 0.421165381319623 0.019280205655527 0.01799485861182525
0 0.39138817480719795 0.2802056555269923 0.019280205655527 0.018851756640959748
0 0.4450514138817482 0.15038560411311055 0.025064267352185192 0.028277634961439643
0 0.5848329048843187 0.3423307626392459 0.020565552699228887 0.021422450728363244
0 0.615038560411311 0.35861182519280205 0.016709511568123434 0.029991431019708657
0 0.7802056555269923 0.3796058269065981 0.017994858611825322 0.02742073693230509
0 0.9090616966580977 0.620394173093402 0.02634961439588693 0.020565552699228887
0 0.8894601542416454 0.6311053984575834 0.020565552699228842 0.026563838903170725
4 0.24357326478149097 0.7514995715509855 0.016709511568123395 0.02570694087403609
0 0.13335475578406167 0.6730934018851759 0.023778920308483276 0.01970865467009432
0 0.11632390745501281 0.5089974293059127 0.024421593830334213 0.020565552699228825
0 0.1018637532133676 0.2707797772065124 0.02634961439588686 0.0239931448157669
0 0.25771208226221076 0.3718937446443873 0.019280205655526964 0.037703513281919496
0 0.2622107969151671 0.31705227077977716 0.01799485861182518 0.027420736932305054
0 0.27667095115681234 0.3380462724935732 0.016066838046272524 0.029991431019708584
13 0.11182519280205655 0.7485004284490145 0.028277634961439587 0.021422450728363317
0 0.5510925449871464 0.6662382176520993 0.012210796915167138 0.031705227077977724
12 0.6606683804627249 0.5976863753213367 0.012853470437018046 0.024850042844901454
0 0.6902313624678663 0.5107112253641817 0.01799485861182518 0.022279348757497958
0 0.702120822622108 0.4631533847472151 0.018637532133676016 0.02656383890317052
0 0.6227506426735219 0.5488431876606683 0.01799485861182525 0.029991431019708584
0 0.8181233933161954 0.7703513281919452 0.021850899742930637 0.022279348757497815
0 0.6625964010282775 0.8873179091688088 0.024421593830334133 0.031705227077977724
0 0.7329691516709511 0.9554413024850044 0.01863753213367616 0.032562125107112226
0 0.8804627249357327 0.8029134532990574 0.020565552699228676 0.022279348757497815
5 0.23136246786632392 0.7819194515852614 0.015424164524421613 0.01799485861182518
0 0.4787917737789203 0.62382176520994 0.019280205655527 0.023993144815766882
6 0.777956298200514 0.721936589545844 0.016066838046272524 0.019708654670094177
0 0.6015424164524421 0.7990574121679521 0.015424164524421613 0.036846615252784855
12 0.6683804627249359 0.7407883461868038 0.02699228791773791 0.029991431019708727
5 0.6584190231362467 0.19151670951156813 0.018637532133676016 0.024850042844901454
0 0.5723007712082262 0.3003427592116538 0.018637532133676016 0.03513281919451582
12 0.4910025706940874 0.480719794344473 0.025706940874035952 0.025706940874035952
5 0.4913239074550128 0.4207369323050557 0.019922879177377836 0.022279348757497815
5 0.45179948586118257 0.3161953727506427 0.011568123393316157 0.030848329048843225
12 0.797879177377892 0.2823479005998286 0.019922879177377978 0.024850042844901415
12 0.20822622107969152 0.19408740359897173 0.025706940874035987 0.03341902313624679
4 0.2069408740359897 0.3941730934018851 0.01799485861182518 0.02570694087403602
