4 0.882352352142334 0.24260665476322174 0.023075317963957787 0.02725180983543396
4 0.8682657480239868 0.338593989610672 0.02088623121380806 0.026009012013673782
4 0.3815741539001465 0.25468653440475464 0.016918182373046875 0.023172546178102493
4 0.7933304309844971 0.20239701867103577 0.021830016747117043 0.02256190963089466
8 0.5720125436782837 0.33088552951812744 0.017651550471782684 0.027674540877342224
4 0.22000060975551605 0.18827909231185913 0.01679687574505806 0.025221597403287888
4 0.8800356388092041 0.14492546021938324 0.017968567088246346 0.02390226162970066
0 0.11589181423187256 0.35187557339668274 0.02762545831501484 0.021722350269556046
4 0.24472948908805847 0.12096649408340454 0.01673130877315998 0.024277212098240852
4 0.7688620686531067 0.638974130153656 0.01171557605266571 0.02580513432621956
8 0.6210189461708069 0.1801922619342804 0.020033447071909904 0.02652023360133171
4 0.27581819891929626 0.6319254040718079 0.013907226733863354 0.02145487442612648
4 0.15913696587085724 0.23862715065479279 0.014217071235179901 0.029015034437179565
8 0.26161810755729675 0.6513482928276062 0.019538970664143562 0.03312849998474121
4 0.6018343567848206 0.5778325200080872 0.0150911258533597 0.02174442633986473
4 0.4077291786670685 0.090939961373806 0.01487777754664421 0.024291004985570908
4 0.140485480427742 0.40528401732444763 0.021913710981607437 0.020289916545152664
8 0.24384595453739166 0.7576102018356323 0.02505720593035221 0.021668050438165665
7 0.5746285319328308 0.2458910346031189 0.02226385474205017 0.030138835310935974
4 0.4306543469429016 0.3923403322696686 0.02193698100745678 0.02488110400736332
0 0.15439875423908234 0.5430866479873657 0.025717254728078842 0.02123921737074852
12 0.7090804576873779 0.5937074422836304 0.016049377620220184 0.02878519706428051
5 0.2438165843486786 0.2640518844127655 0.020580429583787918 0.022643087431788445
7 0.5808854699134827 0.21981605887413025 0.023128479719161987 0.02245979756116867
0 0.14815789461135864 0.7481722831726074 0.018544143065810204 0.030923502519726753
4 0.949681282043457 0.38806673884391785 0.01869696006178856 0.019635457545518875
4 0.5395449995994568 0.3953717052936554 0.01828576624393463 0.020573649555444717
4 0.1592801809310913 0.23439501225948334 0.013466659933328629 0.024536071345210075
8 0.7917149662971497 0.2447148859500885 0.01659686304628849 0.02573317475616932
4 0.6791598796844482 0.06673496216535568 0.02102990634739399 0.02173393778502941
7 0.5806835293769836 0.21308797597885132 0.02286035194993019 0.020228413864970207
0 0.3273049294948578 0.46428149938583374 0.018873808905482292 0.03005586750805378
7 0.677583634853363 0.3292665481567383 0.02248193323612213 0.02342694066464901
0 0.5739074550128535 0.8286203941730935 0.014138817480719722 0.0154241645244214
0 0.644280205655527 0.8149100257069409 0.014781491002570703 0.02056555269922896
0 0.6211439588688946 0.8851756640959727 0.012210796915167067 0.015424164524421542
0 0.4865038560411311 0.9160239931448158 0.01670951156812336 0.01713796058269068
4 0.390745501285347 0.8740359897172237 0.015424164524421542 0.01713796058269068
0 0.18541131105398456 0.769922879177378 0.017352185089974305 0.02656383890317059
13 0.17577120822622105 0.6970865467009426 0.018637532133676055 0.02142245072836346
4 0.24357326478149097 0.6718080548414739 0.014138817480719759 0.022279348757497958
12 0.16709511568123392 0.43916023993144804 0.016709511568123395 0.023136246786632383
12 0.45019280205655526 0.47343616109682946 0.016066838046272524 0.016281062553556182
12 0.3589331619537275 0.5437017994858612 0.012210796915167138 0.01799485861182525
12 0.4068123393316195 0.8427592116538132 0.014138817480719794 0.016281062553556182
10 0.35796915167095117 0.7956298200514138 0.01670951156812336 0.02656383890317059
12 0.3367609254498714 0.7446443873179092 0.023136246786632383 0.015424164524421542
0 0.39170951156812334 0.7446443873179092 0.014781491002570632 0.029134532990574086
4 0.2824550128534704 0.6885175664095972 0.012210796915167067 0.024850042844901454
0 0.19537275064267356 0.4691516709511568 0.02956298200514137 0.024850042844901523
0 0.08804627249357326 0.36118251928020567 0.01928020565552699 0.019708654670094247
12 0.16259640102827763 0.2939160239931448 0.01928020565552698 0.015424164524421649
12 0.301413881748072 0.15638389031705227 0.016709511568123395 0.012853470437018028
0 0.3560411311053985 0.181662382176521 0.010282776349614409 0.010282776349614444
12 0.5600899742930592 0.17009425878320478 0.025064267352185112 0.017994858611825214
4 0.6474935732647815 0.37532133676092544 0.014781491002570703 0.018851756640959748
4 0.6240359897172236 0.37275064267352187 0.014138817480719794 0.013710368466152544
4 0.6272493573264782 0.3958868894601542 0.010282776349614338 0.010282776349614409
0 0.5073907455012854 0.47900599828620394 0.012210796915167138 0.02742073693230509
0 0.47236503856041123 0.4687232219365896 0.016709511568123434 0.020565552699228745
12 0.4942159383033419 0.4413024850042845 0.010282776349614409 0.013710368466152544
8 0.46786632390745503 0.45072836332476435 0.012853470437018046 0.020565552699228818
0 0.5231362467866323 0.5749785775492716 0.010282776349614338 0.011996572407883406
12 0.5163881748071979 0.543273350471294 0.014781491002570632 0.015424164524421613
0 0.5957583547557841 0.41131105398457585 0.014138817480719722 0.01885175664095968
0 0.5633033419023136 0.44730077120822626 0.013496143958868884 0.011996572407883477
12 0.5787275064267352 0.4931448157669237 0.013496143958868884 0.02827763496143966
0 0.6937660668380462 0.583547557840617 0.0173521850899742 0.020565552699228818
8 0.5780848329048843 0.651242502142245 0.016066838046272524 0.02742073693230509
4 0.7490359897172236 0.6696658097686375 0.01735218508997434 0.023136246786632456
12 0.7303984575835475 0.6323907455012853 0.013496143958868884 0.023993144815766955
8 0.7718508997429305 0.5556983718937447 0.019280205655527 0.031705227077977724
0 0.7072622107969153 0.498286203941731 0.016066838046272524 0.01799485861182525
12 0.538560411311054 0.3123393316195373 0.015424164524421613 0.016281062553556182
12 0.4411953727506427 0.23821765209940018 0.02634961439588693 0.017137960582690646
12 0.3724293059125964 0.20308483290488433 0.01735218508997427 0.017137960582690646
0 0.6902313624678663 0.26049700085689803 0.024421593830334275 0.01713796058269068
13 0.6703084832904884 0.27420736932305056 0.026992287917737768 0.018851756640959713
12 0.8486503856041132 0.254070265638389 0.016066838046272524 0.014567266495287112
0 0.9466580976863753 0.3324764353041988 0.014138817480719722 0.029134532990574086
0 0.8454370179948586 0.37574978577549273 0.014781491002570703 0.019708654670094247
12 0.20147814910025708 0.12082262210796914 0.012210796915167101 0.020565552699228783
0 0.7554627249357327 0.4991431019708655 0.00964010282776357 0.014567266495287043
13 0.12178663239074548 0.3856041131105398 0.017352185089974288 0.02913453299057416
0 0.6748071979434448 0.7155098543273352 0.017994858611825038 0.0154241645244214
0 0.2847043701799486 0.22150814053127676 0.016709511568123395 0.019708654670094285
0 0.6915167095115681 0.6499571550985433 0.010282776349614409 0.023136246786632314
12 0.5443444730077122 0.28149100257069404 0.01670951156812336 0.019708654670094247
4 0.49293059125964006 0.3050556983718938 0.011568123393316228 0.015424164524421578
0 0.4913239074550128 0.26178234790059984 0.013496143958868955 0.019708654670094247
12 0.47975578406169667 0.2047986289631534 0.013496143958868884 0.01713796058269068
0 0.7512853470437019 0.1186803770351328 0.016709511568123503 0.024850042844901433
0 0.6934447300771208 0.8076263924592973 0.014138817480719865 0.029991431019708727
13 0.6947300771208227 0.7827763496143959 0.016709511568123503 0.021422450728363317
0 0.41773778920308485 0.8011996572407883 0.010282776349614409 0.01713796058269068
0 0.2879177377892031 0.8187660668380462 0.017994858611825214 0.01970865467009432
0 0.2519280205655527 0.8080548414738646 0.015424164524421613 0.022279348757497958
10 0.20372750642673523 0.762210796915167 0.014138817480719794 0.023136246786632456
0 0.21401028277634965 0.781491002570694 0.026992287917737806 0.011996572407883549
4 0.40134961439588696 0.5132819194515852 0.010925449871465319 0.013710368466152473
12 0.29787917737789205 0.09168808911739504 0.013496143958868884 0.017137960582690664
12 0.3499357326478149 0.06298200514138816 0.01735218508997427 0.021422450728363317
8 0.45886889460154245 0.34532990574121675 0.019280205655527 0.018851756640959748
12 0.38946015424164526 0.39417309340188517 0.012853470437017976 0.020565552699228818
0 0.8264781491002572 0.33076263924592975 0.012853470437018046 0.023993144815766955
0 0.527956298200514 0.2510711225364182 0.014781491002570632 0.018851756640959748
0 0.5077120822622108 0.5158526135389888 0.01799485861182518 0.020565552699228887
0 0.595758354755784 0.34532990574121675 0.016709511568123434 0.013710368466152544
4 0.7901670951156811 0.27249357326478146 0.013496143958868884 0.020565552699228853
0 0.8688946015424165 0.21679520137103686 0.023136246786632456 0.020565552699228783
12 0.8412596401028277 0.18937446443873177 0.01928020565552714 0.02570694087403602
0 0.3181233933161954 0.39417309340188517 0.012853470437017976 0.013710368466152544
0 0.34897172236503854 0.6688089117395029 0.014138817480719865 0.014567266495287043
0 0.22204370179948582 0.7223650385604113 0.014781491002570668 0.008568980291345412
12 0.5022493573264781 0.805484147386461 0.014781491002570703 0.020565552699228818
5 0.544344473007712 0.4901456726649529 0.014138817480719722 0.02742073693230502
0 0.38464010282776356 0.7133676092544987 0.01735218508997427 0.014567266495287185
0 0.5372750642673522 0.07712082262210797 0.012853470437018046 0.013710368466152527
0 0.5626606683804627 0.48800342759211657 0.0096401028277635 0.023136246786632383
4 0.301413881748072 0.7716366752356469 0.019280205655527034 0.017994858611825322
