0 0.1687017994858612 0.14567266495287062 0.0276349614395887 0.030848329048843173
4 0.1683804627249357 0.8080548414738646 0.017994858611825214 0.022279348757497958
4 0.7991645244215939 0.10882604970008568 0.01863753213367616 0.02227934875749785
0 0.48907455012853474 0.7900599828620395 0.01799485861182525 0.030848329048843225
0 0.15681233933161953 0.2660668380462725 0.02827763496143957 0.038560411311054
13 0.20244215938303342 0.44558697514995715 0.024421593830334203 0.030848329048843156
0 0.07133676092544987 0.3521850899742931 0.01670951156812339 0.032562125107112296
6 0.11439588688946016 0.3346186803770351 0.035989717223650394 0.024850042844901454
0 0.19151670951156813 0.31576692373607534 0.025706940874035994 0.02485004284490149
0 0.24357326478149102 0.15295629820051407 0.0269922879177378 0.023136246786632328
7 0.07165809768637532 0.647814910025707 0.027634961439588678 0.030848329048843225
13 0.17384318766066842 0.7039417309340189 0.014781491002570668 0.026563838903170447
13 0.16709511568123392 0.5912596401028277 0.015424164524421613 0.030848329048843156
0 0.20854755784061696 0.765209940017138 0.026349614395886897 0.032562125107112226
0 0.25128534704370176 0.734790059982862 0.021850899742930564 0.01970865467009432
0 0.3419023136246787 0.7189374464438731 0.02570694087403602 0.02570694087403609
12 0.37210796915167094 0.702656383890317 0.021850899742930564 0.020565552699228818
0 0.29980719794344474 0.6358183376178235 0.025064267352185077 0.03598971722365036
0 0.23039845758354754 0.5012853470437019 0.02634961439588686 0.01885175664095968
0 0.24293059125964012 0.4584404455869751 0.01799485861182518 0.025706940874035952
0 0.28213367609254497 0.286203941730934 0.023136246786632418 0.030848329048843225
0 0.269280205655527 0.24892887746358183 0.016709511568123395 0.028277634961439625
0 0.40167095115681234 0.12253641816623823 0.011568123393316157 0.03256212510711226
13 0.4125964010282776 0.13624678663239073 0.012853470437017976 0.03598971722365038
0 0.4758997429305913 0.11139674378748929 0.028920308483290497 0.03427592116538131
0 0.5459511568123393 0.09982862039417309 0.023778920308483293 0.028277634961439587
13 0.5498071979434447 0.14267352185089974 0.023778920308483435 0.024850042844901433
0 0.5790488431876607 0.13881748071979433 0.01670951156812336 0.03084832904884319
0 0.5954370179948586 0.18337617823479008 0.01992287917737791 0.023993144815766917
0 0.40424164524421596 0.2056555269922879 0.019280205655526926 0.023993144815766917
0 0.34768637532133684 0.31919451585261355 0.021850899742930564 0.03170522707797776
0 0.31555269922879176 0.3757497857754927 0.026992287917737768 0.028277634961439587
0 0.30077120822622105 0.5051413881748071 0.02313624678663235 0.029991431019708657
0 0.2879177377892031 0.5291345329905741 0.025706940874035987 0.016281062553556113
0 0.4517994858611825 0.3946015424164524 0.029562982005141406 0.03341902313624679
0 0.4286632390745501 0.3958868894601542 0.024421593830334203 0.030848329048843225
0 0.4055269922879177 0.681662382176521 0.026992287917737768 0.029991431019708727
0 0.4187017994858611 0.7077977720651242 0.022493573264781547 0.023993144815766955
0 0.36535989717223644 0.8774635818337617 0.01735218508997427 0.023993144815766955
0 0.48843187660668375 0.13753213367609254 0.025706940874035952 0.024850042844901433
0 0.5282776349614395 0.1328191945158526 0.01799485861182518 0.02227934875749785
13 0.5488431876606684 0.2604970008568981 0.015424164524421613 0.03427592116538133
13 0.5372750642673522 0.24421593830334187 0.028277634961439518 0.025706940874035987
0 0.5022493573264781 0.2536418166238218 0.023778920308483293 0.023993144815766917
0 0.5469151670951157 0.4524421593830334 0.03213367609254505 0.030848329048843225
0 0.577120822622108 0.43573264781491006 0.020565552699228745 0.021422450728363317
0 0.5154241645244215 0.5844044558697515 0.017994858611825107 0.037703513281919426
0 0.6381748071979435 0.6418166238217653 0.02699228791773784 0.022279348757497815
13 0.5951156812339332 0.726649528706084 0.023136246786632383 0.03770351328191936
13 0.6966580976863753 0.7536418166238218 0.015424164524421542 0.029991431019708727
0 0.7901670951156813 0.675235646958012 0.01606683804627238 0.03427592116538136
0 0.9010282776349615 0.7386461011139674 0.030848329048843225 0.020565552699228818
12 0.8499357326478149 0.4974293059125964 0.014781491002570703 0.035132819194515934
13 0.8258354755784062 0.5012853470437019 0.026992287917737768 0.022279348757497885
13 0.844151670951157 0.523993144815767 0.02377892030848315 0.019708654670094247
0 0.9151670951156813 0.4297343616109683 0.02827763496143973 0.02827763496143966
0 0.8075192802056554 0.26820908311910885 0.01478149100257056 0.02227934875749785
0 0.740038560411311 0.27163667523564683 0.02120822622107964 0.032562125107112434
0 0.7580334190231364 0.20651242502142245 0.013496143958868884 0.03256212510711226
0 0.7146529562982005 0.33590402742073694 0.028277634961439587 0.03427592116538129
0 0.8251928020565552 0.3671808054841474 0.012853470437017905 0.024850042844901454
0 0.8904241645244215 0.2574978577549272 0.01863753213367616 0.03513281919451586
0 0.8502570694087405 0.18937446443873177 0.014138817480719722 0.029134532990574124
0 0.8595758354755785 0.33718937446443875 0.02634961439588693 0.019708654670094247
0 0.9505141388174807 0.4014567266495287 0.026992287917737768 0.021422450728363317
0 0.6606683804627249 0.4837189374464439 0.020565552699228818 0.028277634961439587
12 0.5469151670951157 0.6358183376178235 0.014138817480719722 0.037703513281919426
12 0.5359897172236504 0.6469580119965724 0.015424164524421684 0.022279348757497815
0 0.5739074550128536 0.7540702656383891 0.024421593830334133 0.03427592116538122
6 0.3785347043701799 0.8029134532990574 0.014138817480719794 0.032562125107112226
13 0.41131105398457585 0.7982005141388174 0.023136246786632456 0.021422450728363317
12 0.29659383033419023 0.8071979434447301 0.013496143958868884 0.029134532990574086
12 0.2474293059125964 0.8414738646101114 0.021850899742930564 0.020565552699228818
0 0.24614395886889462 0.781491002570694 0.019280205655526964 0.02742073693230509
0 0.2847043701799486 0.7506426735218509 0.029562982005141406 0.037703513281919496
0 0.3129820051413882 0.7069408740359898 0.014138817480719759 0.03941730934018849
0 0.45051413881748076 0.6019708654670093 0.019280205655526957 0.03170522707797751
6 0.62853470437018 0.5184233076263925 0.012853470437017905 0.01885175664095968
6 0.6423521850899744 0.5269922879177378 0.0173521850899742 0.032562125107112226
6 0.6503856041131105 0.5072836332476435 0.023136246786632383 0.01713796058269061
6 0.6580976863753213 0.5274207369323051 0.02056555269922896 0.016281062553556113
6 0.644280205655527 0.5531276778063411 0.01735218508997427 0.01970865467009432
6 0.6732005141388174 0.5338474721508141 0.017352185089974482 0.02913453299057416
12 0.625 0.5629820051413881 0.022493573264781474 0.02570694087403602
6 0.5764781491002571 0.5638389031705228 0.014138817480719722 0.020565552699228887
0 0.592866323907455 0.5672664952870607 0.019922879177377836 0.02742073693230502
13 0.5244215938303342 0.5261353898886033 0.02570694087403602 0.023993144815766955
13 0.5289203084832904 0.4957155098543273 0.011568123393316157 0.031705227077977724
6 0.490681233933162 0.5265638389031705 0.025064267352185043 0.02485004284490138
13 0.3595758354755785 0.4408740359897172 0.01606683804627245 0.035132819194515934
0 0.37853470437017994 0.45758354755784064 0.021850899742930637 0.027420736932304946
0 0.224293059125964 0.3924592973436161 0.021850899742930564 0.03427592116538136
0 0.2255784061696658 0.26906598114824337 0.026992287917737806 0.02742073693230509
13 0.2191516709511568 0.6409597257926306 0.019280205655527 0.03427592116538129
12 0.2583547557840617 0.6169665809768637 0.025706940874035987 0.03427592116538136
0 0.10379177377892031 0.7647814910025708 0.01863753213367609 0.021422450728363174
