0 0.6196293830871582 0.8428484797477722 0.018444763496518135 0.02694547548890114
0 0.49967866323907467 0.44644387317909157 0.01092544987146518 0.011996572407883472
0 0.3287275064267352 0.6019708654670094 0.012210796915167067 0.012853470437017976
6 0.4206298200514139 0.29562982005141386 0.012210796915167138 0.023993144815766917
8 0.45019280205655526 0.5059982862039417 0.016066838046272524 0.019708654670094177
11 0.567159383033419 0.81662382176521 0.01992287917737791 0.032562125107112226
8 0.30205655526992287 0.19237360754070265 0.020565552699228783 0.021422450728363317
8 0.3711439588688946 0.15424164524421594 0.016066838046272524 0.018851756640959713
0 0.7946658097686375 0.5497000856898029 0.008354755784061751 0.017994858611825107
0 0.5183161953727506 0.32090831191088254 0.014781491002570774 0.021422450728363386
4 0.6140745501285347 0.3153384747215081 0.014781491002570703 0.023993144815766917
0 0.5870822622107968 0.5501285347043702 0.012210796915167138 0.013710368466152615
