4 0.15199228791773778 0.2699228791773779 0.022493573264781554 0.023993144815766934
4 0.7024421593830334 0.194515852613539 0.011568123393316228 0.015424164524421578
4 0.5253856041131105 0.11782347900599827 0.018637532133676016 0.02656383890317052
4 0.1237146529562982 0.5544130248500428 0.025064267352185077 0.02570694087403609
0 0.15552699228791775 0.737789203084833 0.020565552699228818 0.03427592116538136
0 0.14419141909397554 0.42340894257067774 0.024741080995930337 0.029263644188734828
0 0.10029595281087332 0.4351144002461717 0.02952967731772331 0.03352017425255085
0 0.08054299298347731 0.46198374627401 0.03391922394603353 0.025539180382895807
0 0.26889444830733406 0.6080359340886956 0.02753442885030953 0.031391909220642805
0 0.37504166677374484 0.6513993341138208 0.016361037432792713 0.025539180382895738
13 0.18050494120090554 0.7870762298979548 0.01915438528717189 0.028731577930757767
0 0.20325077372942213 0.8280453317621835 0.023144882221999338 0.021282650319080006
0 0.2629087029050929 0.8176700397316321 0.015562938045827153 0.02607124664087266
0 0.3570844305670212 0.8902970839454922 0.01715913681975813 0.028731577930757625
13 0.3205713836133499 0.7687199439977485 0.026337279769861402 0.01542992148133294
12 0.3123908648969536 0.6524634666297748 0.015562938045827117 0.025539180382895807
0 0.2946331535369713 0.6681594212400961 0.017558186513240804 0.02926364418873476
0 0.33852861982007354 0.5803684886738917 0.025539180382895738 0.021814716577056928
4 0.14778286633532026 0.5423257512285365 0.01915438528717189 0.03511637302648182
0 0.18329828905528486 0.48433052910904417 0.021548683448068512 0.02660331289885068
0 0.1589562577528372 0.47102887265961896 0.02394298160896483 0.03724463805838965
0 0.288048833594506 0.458259282468171 0.024342031302447574 0.026603312898849936
0 0.24495146669836923 0.4412331622129072 0.016361037432792644 0.03085984296266581
0 0.250139112713645 0.4082450542183335 0.025938230076378622 0.013833722707402095
0 0.4570463787844495 0.7886724286718859 0.021548683448068432 0.034052240510527694
0 0.47600123922487997 0.761537049515059 0.029928727011206108 0.03298810799457385
0 0.4319062480950363 0.7320073721973356 0.021548683448068432 0.027135379156826928
0 0.3702530704519521 0.7897365611878397 0.026736329463344123 0.028731577930757743
13 0.3530939336321937 0.7229622458117269 0.01715913681975813 0.028199511672780772
0 0.29722697654460917 0.49896235120341115 0.017957236206723657 0.027135379156826858
0 0.407564216792589 0.4284635720214595 0.03112587609165361 0.01809025277121868
0 0.2535310351082483 0.3744588468367941 0.017558186513240877 0.03352017425255077
0 0.20404887311638767 0.313537260298428 0.02553918038289584 0.01915438528717189
14 0.2084384197446979 0.3374802419073928 0.019952484674137416 0.026603312898849794
0 0.19726502832718096 0.26964179401532573 0.027933478543792346 0.02394298160896483
0 0.19706550348043955 0.2454327792773724 0.023543931915482156 0.025539180382895807
0 0.3257590296286256 0.15604564793723702 0.02474108099593028 0.02447504786694186
0 0.3576830051072456 0.16588887370981145 0.022346782835033635 0.01862231902919485
0 0.4921627518109312 0.14700052155162804 0.022346782835033777 0.0404370356062517
0 0.5111176122513618 0.13236869945726062 0.02274583252851663 0.031391909220642784
0 0.4245238287656056 0.09193166385100891 0.02354393191548219 0.02713537915682684
0 0.5516211561398606 0.08794116691618145 0.023144882221999268 0.03511637302648179
0 0.4622340247997252 0.17573209948238586 0.016760087126275424 0.030859842962665772
0 0.4157447355089856 0.22787459276413152 0.015562938045827614 0.02979571044671172
7 0.4047708689382095 0.23585558663378647 0.018356285900206402 0.03618050554243577
0 0.41614378520246786 0.3257747842318989 0.025938230076378587 0.02447504786694186
0 0.4021770459305718 0.34652536829300173 0.02194773314155114 0.018090252771217907
0 0.4207328566775195 0.3494517327118753 0.016760087126275424 0.028199511672780845
0 0.5099204631709136 0.3257747842318989 0.024342031302447678 0.026603312898849863
0 0.36007730326814186 0.4955039205265608 0.028731577930757767 0.0319239754786198
0 0.3778350146281241 0.4978982186874571 0.015562938045827021 0.02926364418873475
0 0.4069656422523647 0.5085395438469972 0.02274583252851663 0.028199511672780845
0 0.36965449591172783 0.558021705838858 0.01995248467413738 0.023942981608964898
0 0.38222456125643434 0.5386012874226975 0.02354393191548219 0.02234678283503392
0 0.36007730326814186 0.543655916873479 0.01995248467413738 0.020750584061102872
12 0.3816259867162103 0.5883494825435467 0.02474108099593046 0.02926364418873476
13 0.44966395945501864 0.5798364224159147 0.026736329463343936 0.018622319029194968
0 0.42911290024065724 0.548976579453249 0.014365788965378955 0.028199511672780845
0 0.45345493154310484 0.444957626018746 0.021548683448068467 0.027667445414803774
0 0.5428420628832402 0.14221192522983508 0.015163888352344373 0.020218517803125894
0 0.5753646129020841 0.09485802826988239 0.017159136819758062 0.03085984296266581
0 0.6757256108129951 0.11667274484693924 0.01915438528717189 0.027667445414803798
0 0.732590192134287 0.11560861233098527 0.020351534367620633 0.032988107994573766
13 0.6054928647600315 0.20472971054213218 0.026337279769861225 0.027135379156826785
0 0.5709750662737738 0.30076767010697997 0.01636103743279257 0.04256530063815973
1 0.5763622371357909 0.2656512970804982 0.018356285900206472 0.025539180382895807
0 0.5436401622702057 0.3893567020601499 0.018356285900206402 0.03777670431636686
5 0.5368563174809989 0.36009305787141516 0.019154385287171963 0.018622319029194898
5 0.6501864304300992 0.4965680530425148 0.01755818651324091 0.03085984296266581
5 0.6302339457559618 0.4880549929148829 0.0207505840611028 0.02553918038289588
5 0.6557731261388576 0.44203126159987266 0.01755818651324091 0.019686451545149027
5 0.6412078123267374 0.4686345744987224 0.01715913681975813 0.027135379156826858
5 0.4953551493587932 0.5473803806793179 0.014365788965378884 0.028199511672780772
14 0.5143100097992237 0.5601499708707659 0.02035153436762009 0.027135379156826716
0 0.5027375686882241 0.5878174162855696 0.02434203130244761 0.0335201742525507
0 0.4881722548761038 0.8240548348273562 0.01676008712627535 0.02926364418873476
0 0.5043337674621551 0.6596463611124642 0.017159136819758062 0.027135379156826785
0 0.5496259076724468 0.5702592297723288 0.01835628590020633 0.02394298160896483
0 0.5324667708526887 0.5213091340384451 0.01755818651324091 0.028199511672780772
0 0.5442387368104299 0.5106678088789052 0.015562938045827224 0.021814716577056855
0 0.6056923896067729 0.5008245831063307 0.02035153436762002 0.024475047866941962
0 0.6918871233990465 0.5322164923269735 0.02114963375458558 0.02234678283503392
0 0.6060914393002557 0.5739836935781678 0.013966739271896173 0.027135379156826785
0 0.5995071193577903 0.5947342776392707 0.011173391417516996 0.02607124664087266
0 0.6056923896067729 0.6341071807295683 0.016361037432792644 0.030327776704688746
0 0.5472316095115504 0.7229622458117269 0.013567689578413464 0.027135379156826643
0 0.5586045257758088 0.7272187758755427 0.012370540497965123 0.03777670431636679
12 0.5797541595303943 0.7269527427465543 0.02434203130244761 0.026603312898849936
12 0.6461959334952718 0.700083396718716 0.01835628590020633 0.022878849093010842
12 0.6555736012921165 0.7250905108436347 0.014764838658861664 0.027135379156826785
12 0.6398111383995477 0.7264206764885772 0.015163888352344373 0.020218517803125734
13 0.6982719184947703 0.8876367526556073 0.0227458325285167 0.02234678283503385
13 0.6495878558898751 0.8636937710466424 0.028332528237274987 0.018090252771217907
0 0.6404097129397718 0.8432092201145279 0.02194773314155114 0.02394298160896483
0 0.729597319433166 0.7421166310988986 0.022346782835033992 0.026071246640872944
0 0.7192220274026145 0.6487390028239358 0.01596198773930979 0.03405224051052784
4 0.8074120096623016 0.6133565966684654 0.01835628590020633 0.025007114124918958
0 0.7754880341836818 0.5444540162604444 0.027933478543792346 0.031923975478619866
0 0.7172267789352008 0.5417936849705595 0.025539180382895807 0.02766744541480378
0 0.6659488933226677 0.5981927083161211 0.013168639884930684 0.02766744541480378
0 0.6954785706403911 0.5862212175116386 0.017957236206723622 0.029263644188734828
0 0.6878966264642188 0.6133565966684654 0.02035153436762016 0.015429921481332797
0 0.6499869055833578 0.6527294997587633 0.01955343498065446 0.026071246640872802
0 0.7042576638970115 0.6955608335259115 0.018755335593689183 0.01702612025526392
0 0.6984714433415117 0.7990477207024372 0.022346782835033992 0.028199511672780772
0 0.5408468144158265 0.7849479648660469 0.01995248467413724 0.02766744541480378
0 0.4329038723287433 0.867418234852482 0.02434203130244765 0.02873157793075731
0 0.281664038498782 0.7554182875483235 0.02434203130244761 0.021814716577056855
0 0.2665001501464376 0.7038078605245549 0.0011971490804482698 0.0005320662579771352
0 0.281664038498782 0.7099266224912903 0.025140130689413134 0.02021851780312602
13 0.7865084139867301 0.6897081046881646 0.023144882221999268 0.03192397547861958
0 0.7897008115345922 0.7535560556454041 0.01835628590020633 0.04256530063815958
0 0.7659573547723687 0.5167865708456406 0.013168639884930684 0.020218517803125807
0 0.7170737673207321 0.43298613521426366 0.019952484674137308 0.030327776704688888
0 0.8742993465529346 0.43511440024617165 0.019952484674137308 0.027135379156826785
0 0.831800554197022 0.3739267805788171 0.025140130689412957 0.030327776704688815
7 0.8174347652316434 0.3481215670669327 0.02593823007637866 0.026603312898849794
0 0.7278481090447664 0.3393424738103123 0.020750584061102872 0.03352017425255085
0 0.7440096216308182 0.2925206431083367 0.02753442885030908 0.027135379156827098
0 0.9537102355560014 0.39840182844575894 0.02394298160896497 0.03777670431636679
0 0.9088171450391923 0.22308599644233854 0.02354393191548226 0.02979571044671175
0 0.5881807163258048 0.33455387748851934 0.019154385287171963 0.030327776704688815
0 0.6492353194286651 0.2816132848198082 0.015163888352344515 0.032988107994573815
0 0.6781664222061643 0.2555420381789353 0.017159136819758204 0.01809025277121794
0 0.7116865964587155 0.27842088727194625 0.02514013068941311 0.02128265031908005
14 0.5053779049281347 0.2483591436962459 0.02354393191548219 0.02500711412491878
12 0.4608838641048083 0.21271070441178708 0.01676008712627535 0.027135379156826823
0 0.4253684413848438 0.17839243077227085 0.02075058406110294 0.025539180382895807
0 0.4090074039520512 0.18291499396507532 0.011971490804482343 0.02500711412491885
14 0.44232805335786074 0.15977011174307593 0.02114963375458585 0.028731577930757816
0 0.6185084930304936 0.2174993007335801 0.023942981608964898 0.031391909220642764
0 0.6260904372066658 0.2808151854328427 0.023144882221999338 0.03352017425255077
0 0.6504324685091134 0.3832379400934144 0.01995248467413745 0.020218517803125807
0 0.635268580156769 0.37286264806286307 0.017558186513241054 0.026071246640872802
0 0.5083707776292553 0.43538043337516014 0.01915438528717189 0.024475047866941893
0 0.5770073249082879 0.5338126911009046 0.015961987739310003 0.02979571044671175
0 0.5622424862494262 0.5553613745489729 0.021548683448068432 0.025007114124918815
13 0.7170737673207321 0.5872853500275927 0.019952484674137308 0.016494053997286998
0 0.7470024943319383 0.6535275991457287 0.022346782835033992 0.02553918038289595
