0 0.8327280282974243 0.5422443151473999 0.025980163365602493 0.024138428270816803
4 0.6580255031585693 0.5456396341323853 0.015868591144680977 0.026582764461636543
0 0.42322173714637756 0.3220290243625641 0.022952301427721977 0.026142537593841553
0 0.7288250923156738 0.3228316307067871 0.02048150636255741 0.028795817866921425
0 0.6482534408569336 0.32486698031425476 0.016853881999850273 0.031863708049058914
0 0.3521129786968231 0.3695513606071472 0.02233499102294445 0.027430379763245583
4 0.1469193547964096 0.4714442491531372 0.015028167515993118 0.019894978031516075
0 0.8080942630767822 0.5498647689819336 0.02350616455078125 0.01910591684281826
0 0.48154351115226746 0.5289220213890076 0.014455413445830345 0.023258503526449203
4 0.19822588562965393 0.7806536555290222 0.020690353587269783 0.0197853185236454
4 0.22043701799485863 0.22750642673521854 0.014138817480719794 0.019708654670094285
14 0.24228791773778924 0.21722365038560412 0.011568123393316192 0.019708654670094247
0 0.23843187660668377 0.12596401028277637 0.011568123393316192 0.008568980291345323
0 0.2480719794344473 0.12382176520994001 0.010282776349614409 0.014567266495287043
0 0.2622107969151671 0.10796915167095116 0.007712082262210842 0.013710368466152527
0 0.3553984575835476 0.10796915167095116 0.016709511568123434 0.0205655526992288
0 0.448586118251928 0.08783204798628969 0.010282776349614471 0.019708654670094323
0 0.6259640102827764 0.08140531276778062 0.01670951156812336 0.015424164524421604
1 0.6654884318766068 0.14181662382176521 0.016066838046272524 0.024850042844901433
0 0.5388817480719794 0.08654670094258783 0.012210796915167067 0.015424164524421595
0 0.5244215938303342 0.24378748928877464 0.012853470437017976 0.023136246786632383
0 0.7805269922879178 0.1546700942587832 0.01735218508997434 0.028277634961439587
12 0.7483933161953726 0.18423307626392457 0.02763496143958875 0.018851756640959713
12 0.7326478149100256 0.15167095115681234 0.012853470437018046 0.022279348757497885
4 0.7480719794344476 0.1126820908311911 0.016709511568123156 0.019708654670094247
11 0.7127249357326478 0.07712082262210798 0.021850899742930495 0.034275921165381334
0 0.7805269922879177 0.27763496143958866 0.012210796915167209 0.015424164524421578
0 0.7532133676092545 0.2866323907455013 0.012853470437018046 0.01456726649528708
0 0.7602827763496143 0.2493573264781491 0.024421593830334275 0.03084832904884319
0 0.6629177377892032 0.24164524421593833 0.016066838046272524 0.01713796058269068
12 0.6423521850899744 0.26520994001713794 0.016066838046272524 0.024850042844901415
0 0.6211439588688945 0.271636675235647 0.007069408740359861 0.015424164524421578
0 0.666452442159383 0.3410454155955442 0.01670951156812336 0.030848329048843156
13 0.6879820051413881 0.31191088260497 0.019922879177377978 0.017137960582690716
0 0.8088046272493574 0.35561268209083124 0.019922879177377836 0.02570694087403602
0 0.8049485861182519 0.3084832904884319 0.012210796915167067 0.013710368466152544
8 0.7712082262210797 0.3003427592116538 0.015424164524421684 0.02142245072836335
14 0.7924164524421593 0.3466152527849185 0.01413881748071972 0.02656383890317052
0 0.8476863753213368 0.442159383033419 0.014138817480719722 0.01885175664095968
0 0.8939588688946014 0.5197086546700942 0.01156812339331637 0.016281062553556182
0 0.9106683804627249 0.5201371036846615 0.01670951156812336 0.02570694087403588
0 0.6940874035989717 0.570694087403599 0.014138817480719722 0.01713796058269068
0 0.7410025706940874 0.6696658097686375 0.014138817480719722 0.01799485861182518
0 0.7882390745501285 0.7035132819194516 0.012210796915167067 0.01885175664095982
0 0.8386889460154242 0.7159383033419023 0.014138817480720007 0.026563838903170447
0 0.7911311053984577 0.6096829477292203 0.024421593830334133 0.023136246786632456
5 0.7837403598971722 0.5629820051413882 0.01863753213367616 0.022279348757497958
5 0.790809768637532 0.5878320479862896 0.014781491002570703 0.01713796058269068
12 0.8245501285347043 0.5908311910882604 0.021850899742930637 0.029991431019708584
10 0.7779562982005142 0.5895458440445587 0.01735218508997434 0.023993144815766882
0 0.682840616966581 0.7129391602399315 0.014781491002570703 0.023993144815766955
0 0.6985861182519281 0.6786632390745502 0.01670951156812336 0.023993144815767097
0 0.6102185089974292 0.6692373607540703 0.01092544987146539 0.015424164524421542
12 0.596401028277635 0.694515852613539 0.015424164524421542 0.01799485861182518
0 0.6131105398457584 0.7707797772065124 0.015424164524421542 0.023136246786632314
0 0.5784061696658098 0.8551842330762639 0.017994858611825107 0.015424164524421684
0 0.7149742930591259 0.7969151670951158 0.00964010282776357 0.01713796058269068
15 0.7596401028277636 0.7540702656383891 0.02313624678663275 0.030848329048842743
13 0.7082262210796916 0.7716366752356469 0.010282776349614409 0.03513281919451586
0 0.6131105398457584 0.5051413881748071 0.015424164524421542 0.023136246786632383
0 0.5819408740359897 0.5407026563838904 0.021208226221079797 0.03598971722365036
0 0.5263496143958869 0.6632390745501285 0.01928020565552707 0.027420736932304946
0 0.5745501285347043 0.655955441302485 0.017994858611825107 0.01970865467009432
0 0.5970437017994858 0.6413881748071979 0.006426735218509023 0.01799485861182518
5 0.5719794344473007 0.6323907455012854 0.015424164524421613 0.02742073693230509
0 0.24453727506426737 0.7849185946872324 0.014781491002570668 0.01713796058269054
0 0.24293059125964012 0.8359040274207369 0.007712082262210771 0.00942587832047991
0 0.2834190231362468 0.8217652099400172 0.006426735218508988 0.022279348757497815
0 0.30141388174807204 0.8581833761782347 0.014138817480719832 0.026563838903170447
4 0.09832904884318765 0.6032562125107113 0.02185089974293058 0.020565552699228818
0 0.06426735218508998 0.6246786632390746 0.012853470437018002 0.018851756640959748
0 0.07230077120822623 0.47215081405312764 0.00964010282776349 0.015424164524421542
12 0.09672236503856041 0.46829477292202226 0.02249357326478149 0.014567266495287043
0 0.04338046272493573 0.4464438731790916 0.008354755784061694 0.011996572407883477
0 0.15102827763496143 0.3050556983718938 0.011568123393316209 0.020565552699228853
13 0.1693444730077121 0.33076263924592975 0.012210796915167101 0.044558697514995665
13 0.20404884318766064 0.29648671808054844 0.022493573264781474 0.020565552699228853
0 0.30462724935732644 0.21165381319622967 0.007712082262210806 0.01371036846615251
0 0.3997429305912597 0.19494430162810622 0.010282776349614338 0.023136246786632418
0 0.2953084832904884 0.37060839760068554 0.008354755784061717 0.014567266495287043
0 0.25803341902313626 0.3971722365038561 0.023778920308483328 0.023136246786632383
12 0.21786632390745503 0.4185946872322194 0.026992287917737806 0.028277634961439587
12 0.21529562982005143 0.48628963153384747 0.019280205655527 0.019708654670094247
14 0.2930591259640103 0.6165381319622965 0.007712082262210771 0.02656383890317052
0 0.2448586118251928 0.5921165381319623 0.014138817480719794 0.01713796058269068
0 0.2589974293059126 0.5518423307626392 0.01413881748071983 0.013710368466152544
0 0.26285347043701796 0.5925449871465296 0.019280205655526964 0.026563838903170447
0 0.23907455012853468 0.68337617823479 0.017994858611825214 0.01628106255355604
0 0.2667095115681234 0.6520994001713797 0.014138817480719794 0.01885175664095968
12 0.39203084832904883 0.4138817480719794 0.01799485861182518 0.02570694087403602
0 0.35989717223650386 0.4108826049700086 0.015424164524421613 0.019708654670094247
0 0.4820051413881748 0.3110539845758355 0.010282776349614338 0.02227934875749785
0 0.4919665809768638 0.2819194515852613 0.021208226221079728 0.01713796058269061
11 0.4765424164524422 0.20008568980291344 0.013496143958868884 0.016281062553556148
0 0.45533419023136246 0.11096829477292201 0.01863753213367609 0.01285347043701801
12 0.4395886889460154 0.12596401028277635 0.015424164524421613 0.029134532990574124
6 0.5494858611825193 0.3144815766923736 0.019280205655527 0.029134532990574124
0 0.6060411311053984 0.36546700942587834 0.01670951156812336 0.01799485861182518
12 0.584190231362468 0.37103684661525277 0.016709511568123434 0.03598971722365043
0 0.49775064267352187 0.3946015424164524 0.01735218508997445 0.017994858611825208
0 0.5681233933161954 0.3731790916880891 0.010282776349614338 0.012853470437018046
5 0.41838046272493573 0.38731790916880887 0.021850899742930637 0.01713796058269068
0 0.627892030848329 0.5955441302485004 0.014138817480719794 0.020565552699228745
12 0.6246786632390745 0.4365895458440445 0.012853470437018046 0.019708654670094247
0 0.6291773778920309 0.41002570694087404 0.02956298200514148 0.01799485861182518
