8 0.48618251928020567 0.4781491002570694 0.013496143958868884 0.029134532990574086
8 0.2802056555269923 0.18551842330762636 0.020565552699228728 0.0282776349614396
0 0.7737789203084833 0.6760925449871464 0.010282776349614409 0.029134532990574228
0 0.827120822622108 0.7365038560411311 0.008997429305912448 0.016281062553556182
0 0.8547557840616966 0.7296486718080548 0.010282776349614409 0.01799485861182518
14 0.4383033419023136 0.10411311053984576 0.015424164524421684 0.019708654670094247
14 0.5629820051413882 0.11139674378748929 0.012853470437018046 0.013710368466152544
0 0.9440874035989718 0.36161096829477296 0.024421593830334133 0.025706940874035952
0 0.4370179948586118 0.5844044558697515 0.010282776349614409 0.011996572407883406
14 0.5983290488431876 0.3530419880034276 0.014138817480719865 0.015424164524421542
0 0.5777634961439589 0.2639245929734361 0.01670951156812336 0.01371036846615251
8 0.800771208226221 0.5295629820051414 0.023136246786632314 0.030848329048843156
14 0.32069408740359895 0.6953727506426737 0.01413881748071983 0.014567266495287043
