0 0.5443070530891418 0.7854213714599609 0.015409423969686031 0.022804442793130875
5 0.5575192802056554 0.5805484147386462 0.014781491002570632 0.02827763496143966
0 0.9665809768637533 0.3346186803770351 0.017994858611825322 0.024850042844901454
0 0.480719794344473 0.7857754927163668 0.010282776349614409 0.015424164524421684
0 0.11760925449871465 0.365038560411311 0.00899742930591259 0.02742073693230502
0 0.458547557840617 0.4734361610968294 0.014781491002570703 0.023136246786632383
14 0.5266709511568123 0.2977720651242502 0.014781491002570703 0.019708654670094247
0 0.18444730077120824 0.3560411311053984 0.012853470437017976 0.021422450728363244
0 0.20372750642673526 0.5162810625535562 0.010282776349614409 0.014567266495287043
0 0.38271208226221076 0.7137960582690659 0.014781491002570703 0.015424164524421684
12 0.5102827763496144 0.6688089117395029 0.015424164524421542 0.01970865467009432
8 0.8165167095115681 0.765209940017138 0.013496143958868884 0.032562125107112226
