0 0.6947300771208228 0.7574978577549271 0.01156812339331637 0.013710368466152686
14 0.20951156812339333 0.45287060839760074 0.025706940874035987 0.023136246786632383
0 0.44023136246786637 0.13881748071979433 0.011568123393316228 0.010282776349614409
0 0.6805912596401029 0.1550985432733505 0.014138817480719722 0.01542416452442163
14 0.7204370179948586 0.2373607540702656 0.021850899742930495 0.018851756640959713
0 0.8168380462724936 0.48671808054841476 0.00899742930591259 0.01713796058269068
8 0.618573264781491 0.7125107112253641 0.012210796915166995 0.023136246786632456
0 0.490681233933162 0.33590402742073694 0.00835475578406168 0.013710368466152544
0 0.5520565552699229 0.20437017994858614 0.00899742930591259 0.011139674378748942
8 0.6616323907455012 0.3487574978577549 0.021208226221079797 0.025706940874035952
0 0.8065552699228792 0.6229648671808055 0.011568123393316228 0.011996572407883406
