0 0.7457482543580024 0.584944486618042 0.01575927808880806 0.022337239235639572
0 0.7178493575755612 0.5949879721790271 0.016257446259260178 0.022249186411499977
0 0.6155506534870608 0.6093833933248414 0.02248419262468815 0.02345947176218033
4 0.8195976832532026 0.6350967558204565 0.02463098056614399 0.021307414397597313
13 0.7421123656638177 0.777996637623026 0.02102801576256752 0.01602376252412796
0 0.5189559758475628 0.6424713242023334 0.022138615548227766 0.03041114334747961
0 0.2654241645244216 0.23693230505569837 0.023136246786632383 0.023136246786632383
0 0.23039845758354757 0.6371036846615253 0.017352185089974305 0.01799485861182518
12 0.28084832904884316 0.6872322193658955 0.019280205655527034 0.03084832904884337
0 0.5639460154241646 0.6722365038560412 0.01606683804627245 0.029991431019708727
0 0.6879820051413881 0.8204798628963154 0.021208226221079797 0.019708654670094177
0 0.7863110539845757 0.7343616109682946 0.02249357326478157 0.022279348757497472
5 0.7541773778920309 0.194515852613539 0.022493573264781616 0.025706940874035987
0 0.9569408740359898 0.4730077120822622 0.023136246786632314 0.02742073693230509
