4 0.9712547659873962 0.45342472195625305 0.02133294753730297 0.020903808996081352
7 0.7424780130386353 0.37027236819267273 0.021738586947321892 0.02528507448732853
4 0.527744472026825 0.4212537109851837 0.018852660432457924 0.028126465156674385
4 0.7524287104606628 0.2790251076221466 0.019496887922286987 0.02877427078783512
4 0.13738298416137695 0.3409840762615204 0.020497657358646393 0.027963703498244286
7 0.6480371356010437 0.5682252645492554 0.019796935841441154 0.027144653722643852
4 0.13138705492019653 0.20778042078018188 0.02147531881928444 0.022610310465097427
4 0.22676363587379456 0.5493869781494141 0.017081161960959435 0.02442997321486473
4 0.7766971588134766 0.7681167721748352 0.021813170984387398 0.02101057954132557
7 0.6113316416740417 0.679614245891571 0.019160034134984016 0.029784953221678734
8 0.6810601949691772 0.4221346080303192 0.016213683411478996 0.02891691029071808
4 0.8470960855484009 0.26601919531822205 0.01987036131322384 0.02287914976477623
5 0.5766665935516357 0.6619182825088501 0.016826659440994263 0.02537231519818306
8 0.33981749415397644 0.17655634880065918 0.018078338354825974 0.0324581079185009
8 0.4244333505630493 0.813203752040863 0.026225494220852852 0.031770750880241394
4 0.6269358992576599 0.29113733768463135 0.01699407957494259 0.02604803442955017
0 0.32303211092948914 0.8807926177978516 0.021152343600988388 0.019239746034145355
8 0.31489214301109314 0.7260356545448303 0.02263607829809189 0.021445557475090027
4 0.48673728108406067 0.24003556370735168 0.017307372763752937 0.022080648690462112
4 0.2964956760406494 0.22667227685451508 0.01261856034398079 0.02688600681722164
4 0.1316753327846527 0.3323220908641815 0.020430900156497955 0.024841634556651115
4 0.6437623500823975 0.07962645590305328 0.015188110060989857 0.020475193858146667
4 0.43577417731285095 0.3677341341972351 0.013883880339562893 0.0195159912109375
1 0.8556253910064697 0.4445202648639679 0.015898926183581352 0.02902311272919178
4 0.4079835116863251 0.4475589990615845 0.01764315739274025 0.01871374435722828
7 0.7224040627479553 0.4199749231338501 0.01714666746556759 0.02393632009625435
7 0.6439390182495117 0.6223993897438049 0.020778320729732513 0.02162117511034012
12 0.19968076050281525 0.7481041550636292 0.02039576694369316 0.02205558307468891
4 0.3232996165752411 0.5868152379989624 0.02057717926800251 0.02295861765742302
0 0.8762741684913635 0.6640093326568604 0.02745819091796875 0.02566186524927616
4 0.26983654499053955 0.24768106639385223 0.01571865752339363 0.01983107440173626
5 0.2544987146529563 0.45544130248500425 0.01799485861182518 0.024850042844901523
12 0.1915167095115681 0.45586975149957154 0.019280205655526964 0.032562125107112296
0 0.20822622107969152 0.13239074550128535 0.023136246786632383 0.02999143101970864
13 0.1365681233933162 0.1049700085689803 0.017352185089974288 0.02485004284490147
4 0.3570051413881748 0.37489288774635815 0.010925449871465247 0.01799485861182518
12 0.2066195372750643 0.6563838903170524 0.021208226221079693 0.013710368466152544
11 0.1661311053984576 0.6332476435304198 0.017352185089974288 0.029134532990574086
10 0.1500642673521851 0.5882604970008569 0.01735218508997427 0.021422450728363386
14 0.41452442159383035 0.7425021422450729 0.015424164524421542 0.012853470437018046
12 0.400706940874036 0.7656383890317053 0.012210796915167067 0.023136246786632314
14 0.3419023136246787 0.7455012853470437 0.011568123393316228 0.022279348757497815
0 0.2644601542416452 0.8273350471293918 0.010925449871465282 0.012853470437018046
14 0.22943444730077117 0.7583547557840618 0.025706940874035987 0.023993144815766955
10 0.4813624678663239 0.44730077120822626 0.014138817480719722 0.015424164524421613
10 0.45404884318766064 0.34018851756640955 0.012210796915167067 0.013710368466152544
0 0.43316195372750643 0.27892030848329047 0.012853470437017976 0.023136246786632383
0 0.44280205655527 0.2514995715509854 0.012853470437017976 0.017994858611825214
12 0.2679948586118252 0.28449014567266495 0.015424164524421578 0.022279348757497815
12 0.19955012853470436 0.06041131105398458 0.03020565552699228 0.021422450728363324
0 0.31041131105398456 0.09511568123393317 0.007712082262210806 0.011996572407883458
12 0.4893958868894602 0.08911739502999146 0.01735218508997434 0.023993144815766927
0 0.3409383033419023 0.258783204798629 0.01606683804627245 0.018851756640959748
0 0.3419023136246787 0.36546700942587834 0.015424164524421542 0.016281062553556182
0 0.4167737789203085 0.3856041131105398 0.013496143958868884 0.015424164524421613
0 0.3936375321336761 0.3718937446443873 0.025064267352185112 0.030848329048843156
6 0.5491645244215938 0.36461011139674376 0.016066838046272524 0.014567266495287043
12 0.5128534704370181 0.33804627249357333 0.02570694087403619 0.01799485861182517
13 0.5825835475578406 0.2403598971722365 0.016066838046272524 0.01799485861182518
14 0.5324550128534704 0.08183376178234787 0.018637532133676016 0.01799485861182518
12 0.6317480719794344 0.15552699228791775 0.01670951156812336 0.019708654670094264
13 0.6854113110539845 0.2343616109682948 0.014781491002570845 0.023136246786632418
5 0.7287917737789203 0.14524421593830333 0.011568123393316228 0.024850042844901454
5 0.731362467866324 0.17994858611825193 0.012853470437018046 0.027420736932305054
13 0.8891388174807199 0.12596401028277635 0.022493573264781474 0.02227934875749785
12 0.8136246786632391 0.25878320479862893 0.015424164524421542 0.023993144815766917
0 0.9485861182519281 0.32733504712939165 0.015424164524421684 0.023993144815766882
13 0.9505141388174806 0.40445586975149955 0.024421593830334275 0.022279348757497815
0 0.8817480719794344 0.5145672664952871 0.01670951156812336 0.028277634961439518
12 0.8248714652956298 0.4987146529562982 0.018637532133676016 0.03598971722365036
0 0.8868894601542416 0.6071122536418165 0.007712082262210771 0.014567266495287043
12 0.695694087403599 0.6940874035989717 0.008354755784061751 0.020565552699228818
12 0.7246143958868894 0.6396743787489289 0.013496143958868884 0.012853470437018046
0 0.6574550128534704 0.768637532133676 0.01799485861182518 0.015424164524421684
0 0.5571979434447301 0.7789203084832905 0.01542416452442147 0.010282776349614409
4 0.824228791773779 0.7797772065124249 0.013496143958868884 0.020565552699228676
13 0.8280848329048842 0.7176520994001714 0.02377892030848315 0.01628106255355604
0 0.7384318766066837 0.6958011996572409 0.01799485861182518 0.02570694087403581
13 0.3910668380462725 0.5642673521850899 0.010925449871465319 0.021422450728363317
12 0.42705655526992287 0.4918594687232219 0.013496143958868884 0.020565552699228745
12 0.3647172236503856 0.2930591259640103 0.012210796915167138 0.018851756640959713
12 0.3846401028277635 0.10454155955441301 0.010925449871465247 0.013710368466152527
