8 0.38271208226221076 0.4657240788346187 0.01992287917737791 0.024850042844901454
8 0.48843187660668375 0.45458440445586973 0.015424164524421613 0.02656383890317052
14 0.8672879177377892 0.12039417309340188 0.022493573264781616 0.02485004284490147
14 0.21754498714652953 0.20051413881748073 0.016066838046272486 0.023993144815766955
13 0.2152956298200515 0.6679520137103684 0.020565552699228933 0.028277634961439393
0 0.5986503856041131 0.844044558697515 0.0096401028277635 0.020565552699228818
14 0.720758354755784 0.658954584404456 0.02377892030848315 0.01713796058269068
0 0.7570694087403598 0.6212510711225364 0.012853470437018046 0.018851756640959748
11 0.4662596401028278 0.08140531276778065 0.01735218508997434 0.025706940874035994
14 0.40231362467866316 0.07112253641816624 0.012853470437017976 0.025706940874035987
0 0.46465295629820047 0.3723221936589546 0.00899742930591259 0.024850042844901454
