4 0.1684221476316452 0.2933904528617859 0.021990448236465454 0.028368448838591576
4 0.9653295874595642 0.4257717430591583 0.019963806495070457 0.01981697604060173
4 0.8845746517181396 0.45739445090293884 0.02213708497583866 0.02370528131723404
4 0.1328430473804474 0.393280029296875 0.01974816806614399 0.02447587065398693
4 0.8632684350013733 0.35572323203086853 0.02074432373046875 0.02510681189596653
0 0.07412353157997131 0.3918498456478119 0.03140312433242798 0.02183646708726883
4 0.8763037919998169 0.1526951938867569 0.017601562663912773 0.024937530979514122
4 0.46099352836608887 0.611075222492218 0.015175994485616684 0.02569860778748989
4 0.6102092862129211 0.7754358053207397 0.01907055638730526 0.0260719396173954
8 0.6564717888832092 0.5178278088569641 0.02144964598119259 0.02235286496579647
4 0.5411316156387329 0.9369723200798035 0.019094420596957207 0.023913085460662842
4 0.45765000581741333 0.5216262936592102 0.014453979209065437 0.02278214506804943
4 0.2776547968387604 0.799126148223877 0.01954592950642109 0.024527832865715027
4 0.7190650105476379 0.7557662725448608 0.014267333783209324 0.02303605154156685
4 0.7882382869720459 0.5343171954154968 0.020667297765612602 0.030910400673747063
5 0.4197796881198883 0.7809550762176514 0.021686339750885963 0.031241700053215027
0 0.14499370753765106 0.582410454750061 0.022512145340442657 0.029059123247861862
7 0.4565750089280097 0.8457919685066309 0.01746368408203125 0.029995687305927277
4 0.34870287775993347 0.8532608151435852 0.015639403834939003 0.01932194083929062
4 0.37659192085266113 0.4881168603897095 0.01660262979567051 0.025916991755366325
0 0.16239888966083527 0.561928927898407 0.026760635897517204 0.023786703124642372
7 0.194199338555336 0.2317885309457779 0.024025345221161842 0.02591298334300518
7 0.461527556180954 0.7255263924598694 0.021902281790971756 0.02747599221765995
0 0.7711000442504883 0.2836596369743347 0.022004028782248497 0.02906913310289383
0 0.5731815099716187 0.6076639890670776 0.02427368238568306 0.02949511632323265
10 0.0889146625995636 0.479373037815094 0.02640322968363762 0.023818928748369217
4 0.4680803120136261 0.16789595782756805 0.01882345601916313 0.022687530145049095
4 0.42059507966041565 0.5474686026573181 0.01519012451171875 0.02592163160443306
14 0.23800446093082428 0.5244479775428772 0.019785979762673378 0.038589924573898315
4 0.4180748760700226 0.5532144904136658 0.015894683077931404 0.026844767853617668
4 0.7918786406517029 0.11768711358308792 0.015993652865290642 0.020483246073126793
12 0.34211573004722595 0.7588505148887634 0.015227691270411015 0.02240576222538948
0 0.25363579392433167 0.42592424154281616 0.023809418082237244 0.024962687864899635
0 0.3033419023136247 0.5929734361610969 0.014138817480719759 0.018851756640959748
0 0.3149100257069409 0.5694087403598972 0.015424164524421649 0.01799485861182525
10 0.1539203084832905 0.42630676949443014 0.02249357326478149 0.028277634961439587
0 0.22461439588688947 0.40531276778063413 0.021208226221079693 0.032562125107112296
0 0.24839331619537275 0.13967437874892888 0.013496143958868884 0.022279348757497867
4 0.22589974293059126 0.1263924592973436 0.013496143958868884 0.033419023136246756
4 0.1346401028277635 0.11782347900599827 0.018637532133676107 0.021422450728363334
0 0.42512853470437023 0.3256212510711226 0.01735218508997427 0.017137960582690716
4 0.5909383033419023 0.3607540702656384 0.021208226221079655 0.022279348757497815
12 0.3971722365038561 0.41216795201371037 0.015424164524421542 0.032562125107112226
0 0.4187017994858611 0.3928877463581834 0.01863753213367609 0.021422450728363244
8 0.5430591259640103 0.7403598971722366 0.014138817480719722 0.032562125107112226
0 0.605719794344473 0.1983718937446444 0.012210796915167138 0.019708654670094247
0 0.5848329048843187 0.20265638389031707 0.011568123393316157 0.01456726649528708
0 0.5420951156812339 0.1542416452442159 0.01735218508997427 0.013710368466152527
0 0.4582262210796915 0.7810625535561269 0.01799485861182518 0.029991431019708584
0 0.8055912596401028 0.6773778920308484 0.018637532133676016 0.017994858611825038
12 0.8505784061696658 0.5946872322193658 0.013496143958868884 0.015424164524421613
0 0.853470437017995 0.5334190231362467 0.0154241645244214 0.01799485861182525
14 0.7390745501285347 0.3577549271636676 0.020565552699228818 0.023136246786632383
4 0.3615038560411311 0.7939160239931448 0.027634961439588608 0.014567266495287043
12 0.509318766066838 0.5179948586118251 0.01735218508997427 0.021422450728363244
0 0.49228791773778924 0.24164524421593833 0.020565552699228818 0.02570694087403602
0 0.4617609254498714 0.2969151670951157 0.014781491002570632 0.02142245072836335
0 0.41516709511568123 0.286203941730934 0.01799485861182518 0.022279348757497885
4 0.43091259640102825 0.24764353041988002 0.01735218508997434 0.023993144815766955
4 0.4225578406169666 0.16452442159383032 0.01863753213367609 0.017137960582690664
4 0.6719151670951158 0.6816623821765211 0.016066838046272524 0.026563838903170447
0 0.21561696658097687 0.8997429305912596 0.016066838046272486 0.029134532990574086
11 0.2448586118251928 0.8337617823479007 0.016709511568123395 0.023993144815767097
11 0.2982005141388175 0.8191945158526136 0.017994858611825145 0.02742073693230509
8 0.30430591259640105 0.790916880891174 0.023778920308483328 0.029134532990574086
5 0.5208868894601543 0.5437017994858612 0.013496143958868884 0.019708654670094247
5 0.7133676092544988 0.4605826906598115 0.020565552699228676 0.024850042844901454
4 0.7384318766066837 0.4490145672664953 0.011568123393316228 0.018851756640959748
12 0.8592544987146531 0.40317052270779785 0.014138817480719722 0.023136246786632383
4 0.5253856041131105 0.21251071122536416 0.018637532133676016 0.025706940874035987
4 0.163560411311054 0.17823479005998288 0.012210796915167084 0.011996572407883477
0 0.13881748071979433 0.14138817480719795 0.015424164524421613 0.008568980291345306
0 0.17416452442159383 0.1379605826906598 0.011568123393316192 0.0205655526992288
0 0.6735218508997428 0.200942587832048 0.012853470437018046 0.01456726649528708
0 0.8399742930591259 0.26649528706083975 0.014138817480719722 0.020565552699228783
0 0.8833547557840618 0.27763496143958866 0.032776349614395885 0.02742073693230502
0 0.7589974293059126 0.617395029991431 0.021850899742930637 0.029991431019708657
0 0.7811696658097688 0.602827763496144 0.016066838046272524 0.02656383890317052
0 0.802056555269923 0.6006855184233076 0.012853470437018046 0.018851756640959748
0 0.5041773778920309 0.6199657240788347 0.012210796915167067 0.012853470437017976
13 0.580655526992288 0.6388174807197945 0.016066838046272524 0.024850042844901523
13 0.26638817480719795 0.6362467866323908 0.03020565552699228 0.019708654670094247
0 0.26510282776349614 0.6199657240788347 0.012210796915167101 0.031705227077977724
12 0.1928020565552699 0.6143958868894601 0.007712082262210806 0.020565552699228745
12 0.1979434447300771 0.6632390745501285 0.02570694087403602 0.01713796058269068
12 0.30816195372750643 0.5085689802913455 0.028920308483290535 0.02656383890317052
12 0.3431876606683805 0.4708654670094259 0.015424164524421613 0.016281062553556113
0 0.20404884318766064 0.5269922879177378 0.016066838046272486 0.011996572407883406
12 0.16034704370179947 0.508140531276778 0.021208226221079655 0.022279348757497885
0 0.3232647814910025 0.2069408740359897 0.014138817480719794 0.014567266495287043
0 0.2731362467866324 0.15167095115681234 0.017994858611825214 0.02570694087403597
12 0.3541131105398458 0.09340188517566408 0.019280205655527 0.02227934875749785
5 0.48875321336760924 0.41816623821765203 0.012210796915167067 0.02742073693230502
0 0.48329048843187666 0.3911739502999143 0.015424164524421613 0.021422450728363386
12 0.5086760925449871 0.7485004284490145 0.01863753213367609 0.021422450728363317
12 0.4611182519280206 0.8757497857754928 0.01735218508997434 0.015424164524421542
14 0.49164524421593825 0.8757497857754928 0.011568123393316157 0.03427592116538136
0 0.29113110539845755 0.8834618680377035 0.01413881748071983 0.02742073693230509
0 0.7185089974293057 0.8551842330762639 0.015424164524421684 0.02570694087403609
0 0.7014781491002572 0.7973436161096831 0.012210796915166924 0.01628106255355604
0 0.8239074550128536 0.810197086546701 0.0154241645244214 0.03513281919451586
0 0.5649100257069408 0.38174807197943444 0.01670951156812336 0.021422450728363317
12 0.5408097686375322 0.33333333333333326 0.022493573264781547 0.02913453299057416
8 0.5269922879177378 0.3706083976006855 0.015424164524421542 0.035132819194515934
0 0.490681233933162 0.34532990574121675 0.012210796915167138 0.015424164524421542
0 0.4556555269922879 0.3479005998286204 0.011568123393316157 0.013710368466152544
4 0.6118251928020565 0.26306769494430166 0.015424164524421613 0.022279348757497885
12 0.6053984575835476 0.3324764353041988 0.015424164524421613 0.023993144815766882
4 0.6568123393316195 0.37489288774635815 0.015424164524421542 0.02656383890317059
12 0.6670951156812339 0.3783204798628963 0.01799485861182518 0.031705227077977724
0 0.8762853470437019 0.4798628963153385 0.019922879177377978 0.022279348757497885
0 0.7940231362467867 0.47429305912596403 0.012210796915167209 0.019708654670094247
0 0.8200514138817481 0.46872322193658955 0.020565552699228818 0.023993144815766955
8 0.9489074550128533 0.39717223650385597 0.014781491002570703 0.019708654670094247
4 0.8586118251928021 0.28834618680377033 0.011568123393316228 0.026563838903170555
0 0.7615681233933163 0.19665809768637532 0.019280205655526857 0.019708654670094247
0 0.2763496143958869 0.7137960582690659 0.010282776349614409 0.01885175664095968
0 0.23714652956298202 0.7116538131962297 0.02956298200514137 0.028277634961439445
0 0.4077763496143959 0.6199657240788347 0.013496143958868884 0.023136246786632383
0 0.5825835475578406 0.8046272493573263 0.023778920308483224 0.03427592116538122
8 0.6446015424164524 0.5668380462724936 0.024421593830334133 0.023136246786632383
0 0.7156169665809768 0.5599828620394173 0.019922879177377978 0.021422450728363386
0 0.577120822622108 0.49357326478149105 0.012853470437017976 0.013710368466152544
