12 0.4346816976127321 0.45888594164456237 0.013925729442970863 0.03183023872679037
11 0.5225464190981431 0.21927497789566758 0.013262599469496053 0.03183023872679048
2 0.48839522546419095 0.6114058355437666 0.020557029177718816 0.032714412024756924
2 0.3511273209549071 0.6021220159151194 0.01525198938992041 0.02475685234305921
13 0.11737400530503979 0.6007957559681698 0.019893899204244024 0.036251105216622434
13 0.4980106100795756 0.3306808134394341 0.01856763925729446 0.030061892130857616
13 0.5205570291777188 0.2519893899204244 0.010610079575596742 0.024756852343059244
14 0.8375331564986738 0.22369584438549958 0.019893899204244007 0.02829354553492486
14 0.8564323607427056 0.21750663129973474 0.01525198938992034 0.022988505747126454
13 0.7062334217506632 0.5959328028293546 0.019893899204244007 0.030061892130857616
13 0.8279177718832892 0.6728558797524314 0.012599469496021386 0.031830238726790444
