4 0.1792226880788803 0.604651689529419 0.020862212404608727 0.018886921927332878
0 0.4145105183124542 0.1202317327260971 0.020583130419254303 0.027125366032123566
0 0.524992823600769 0.11180877685546875 0.01710217259824276 0.03236124664545059
0 0.6557649970054626 0.6171721816062927 0.01971435546875 0.028984781354665756
0 0.39168891310691833 0.6253457069396973 0.019788391888141632 0.022953979671001434
4 0.5110844156123066 0.7491246298938709 0.022058989852666855 0.021344074979424477
12 0.20501285347043702 0.20651242502142245 0.014138817480719794 0.03256212510711226
0 0.14974293059125965 0.713796058269066 0.014138817480719794 0.022279348757497815
4 0.5845115681233933 0.726649528706084 0.012210796915167067 0.01885175664095968
12 0.7204370179948586 0.6863753213367609 0.01670951156812336 0.01885175664095982
4 0.9562982005141387 0.29905741216795206 0.023136246786632314 0.023993144815766917
0 0.8332262210796916 0.25535561268209084 0.009640102827763428 0.00856898029134534
0 0.7924164524421593 0.13581833761782347 0.00899742930591259 0.014567266495287043
0 0.6420308483290488 0.19880034275921166 0.00899742930591259 0.01713796058269068
0 0.711439588688946 0.18937446443873177 0.01670951156812336 0.027420736932305054
0 0.5382390745501285 0.2819194515852613 0.012210796915167138 0.011996572407883441
0 0.4376606683804627 0.13367609254498714 0.016709511568123434 0.0205655526992288
0 0.17223650385604114 0.3131962296486718 0.015424164524421613 0.016281062553556148
0 0.12082262210796917 0.32476435304198803 0.01285347043701801 0.018851756640959748
0 0.07615681233933164 0.3239074550128535 0.014781491002570712 0.01713796058269061
12 0.08129820051413882 0.35946872322193657 0.012210796915167101 0.019708654670094247
0 0.024742930591259638 0.37660668380462725 0.027634961439588688 0.029991431019708727
0 0.0986503856041131 0.23607540702656382 0.013496143958868903 0.024850042844901454
0 0.11760925449871465 0.2622107969151671 0.019280205655527016 0.01713796058269061
0 0.08419023136246785 0.2870608397600686 0.017994858611825197 0.013710368466152544
0 0.11150385604113111 0.3856041131105398 0.013496143958868903 0.011996572407883477
8 0.19408740359897173 0.38731790916880887 0.017994858611825214 0.029134532990574086
8 0.3258354755784062 0.4515852613538989 0.02956298200514137 0.023993144815766955
0 0.417095115681234 0.44258783204798635 0.011568123393316228 0.014567266495287114
12 0.18059125964010284 0.5668380462724936 0.016709511568123395 0.01799485861182525
12 0.17866323907455012 0.525706940874036 0.020565552699228783 0.021422450728363317
4 0.0986503856041131 0.517994858611825 0.01606683804627247 0.012853470437017804
11 0.08483290488431877 0.4708654670094259 0.01799485861182519 0.023136246786632383
0 0.15263496143958868 0.6306769494430163 0.010925449871465282 0.01885175664095968
0 0.04530848329048843 0.5968294772922021 0.014781491002570701 0.023136246786632522
0 0.34929305912596403 0.7900599828620394 0.013496143958868884 0.020565552699228818
0 0.28116966580976865 0.7202227934875751 0.013496143958868884 0.01970865467009432
0 0.359254498714653 0.6118251928020565 0.01670951156812336 0.02742073693230509
0 0.3817480719794345 0.5312767780634104 0.02570694087403602 0.030848329048843298
0 0.4019922879177378 0.5325621251071122 0.010925449871465247 0.016281062553556255
0 0.4238431876606683 0.5441302485004285 0.013496143958868884 0.02570694087403602
0 0.5247429305912596 0.5381319622964866 0.014781491002570774 0.018851756640959748
0 0.43026992287917737 0.5762639245929734 0.010925449871465247 0.007712082262210913
5 0.3984575835475579 0.7433590402742074 0.01928020565552707 0.016281062553556182
0 0.41034704370179953 0.7150814053127678 0.014781491002570703 0.017994858611825322
1 0.4620822622107969 0.6868037703513281 0.019280205655527 0.03856041131105385
0 0.8296915167095115 0.6405312767780634 0.01413881748071972 0.021422450728363386
6 0.8287275064267351 0.6186803770351328 0.02763496143958875 0.022279348757497885
0 0.8676092544987145 0.5304198800342759 0.012853470437018046 0.020565552699228887
0 0.9148457583547557 0.42373607540702657 0.016066838046272524 0.014567266495287043
0 0.9029562982005142 0.40788346186803764 0.014138817480719865 0.015424164524421613
0 0.906491002570694 0.258783204798629 0.01735218508997434 0.03084832904884319
0 0.8897814910025708 0.2977720651242502 0.014781491002570703 0.019708654670094247
0 0.8419023136246787 0.2956298200514139 0.015424164524421684 0.013710368466152544
0 0.6330334190231363 0.356898029134533 0.011568123393316228 0.014567266495287043
0 0.5665167095115682 0.14610111396743786 0.010925449871465319 0.017994858611825162
0 0.5726221079691516 0.13153384747215083 0.00899742930591259 0.01628106255355613
4 0.5713367609254498 0.16666666666666663 0.014138817480719865 0.02827763496143957
0 0.6179305912596401 0.0882604970008569 0.00835475578406168 0.01885175664095973
0 0.6654884318766068 0.08911739502999144 0.013496143958868884 0.025706940874035994
0 0.6548843187660668 0.12167952013710369 0.014138817480719865 0.0205655526992288
11 0.7287917737789203 0.11482433590402742 0.023136246786632314 0.025706940874035987
0 0.7223650385604113 0.09040274207369324 0.012853470437018046 0.01799485861182518
0 0.6960154241645244 0.0831191088260497 0.008997429305912732 0.017137960582690646
0 0.7387532133676092 0.2455012853470437 0.007069408740359932 0.021422450728363317
0 0.811375321336761 0.20437017994858597 0.022493573264780395 0.033419023136246784
11 0.7782776349614395 0.21722365038560412 0.016709511568123503 0.029991431019708657
0 0.7615681233933163 0.2866323907455013 0.00899742930591259 0.01285347043701801
0 0.743573264781491 0.27763496143958866 0.016709511568123503 0.015424164524421578
0 0.7516066838046273 0.25706940874035994 0.018637532133676016 0.02227934875749785
0 0.7589974293059126 0.4121679520137104 0.011568123393316228 0.018851756640959748
5 0.8097686375321337 0.3894601542416452 0.023136246786632456 0.021422450728363317
12 0.7692802056555271 0.47386461011139674 0.019280205655527 0.018851756640959748
13 0.7496786632390746 0.480719794344473 0.01735218508997434 0.013710368466152544
0 0.7834190231362467 0.5998286203941731 0.01156812339331637 0.01713796058269068
0 0.5469151670951158 0.41602399314481575 0.016709511568123434 0.016281062553556113
0 0.3695372750642673 0.3397600685518424 0.011568123393316157 0.016281062553556113
14 0.3888174807197944 0.3029134532990574 0.011568123393316228 0.019708654670094247
0 0.4350899742930591 0.30248500428449016 0.01670951156812336 0.022279348757497885
0 0.3036632390745501 0.28577549271636676 0.01735218508997427 0.016281062553556113
15 0.29466580976863754 0.318337617823479 0.01735218508997427 0.03341902313624679
0 0.3589331619537275 0.18123393316195371 0.0096401028277635 0.01799485861182518
0 0.2892030848329049 0.1499571550985433 0.01285347043701794 0.017137960582690646
5 0.30784061696658094 0.15981148243359042 0.021850899742930564 0.014567266495287097
13 0.298521850899743 0.181662382176521 0.008354755784061717 0.03427592116538133
11 0.41773778920308485 0.41431019708654676 0.012853470437017976 0.029991431019708657
14 0.43091259640102825 0.3903170522707798 0.012210796915167067 0.029991431019708727
4 0.4797557840616966 0.33590402742073694 0.012210796915167138 0.020565552699228745
14 0.49485861182519286 0.33204798628963145 0.020565552699228887 0.019708654670094247
0 0.5440231362467867 0.3496143958868895 0.025064267352185112 0.029134532990574086
11 0.5366323907455013 0.37960582690659805 0.014138817480719794 0.015424164524421613
0 0.721401028277635 0.3834618680377035 0.009640102827763428 0.019708654670094247
0 0.7397172236503856 0.3457583547557841 0.011568123393316228 0.011139674378748908
0 0.6989074550128536 0.5299914310197087 0.013496143958868884 0.016281062553556113
0 0.6044344473007712 0.5951156812339332 0.0096401028277635 0.01970865467009432
0 0.627892030848329 0.8491859468723222 0.019280205655527 0.013710368466152544
0 0.23939588688946017 0.44515852613538986 0.012210796915167101 0.016281062553556182
