4 0.19492553174495697 0.2970857620239258 0.025594284757971764 0.02781601995229721
4 0.3242570161819458 0.7821633219718933 0.017071137204766273 0.02240576222538948
4 0.9656171798706055 0.42564094066619873 0.01915319822728634 0.01931103505194187
4 0.2835485339164734 0.7909757494926453 0.0189250186085701 0.025883708149194717
7 0.55208420753479 0.5614093542098999 0.018131408840417862 0.027966797351837158
4 0.8771013021469116 0.15361298620700836 0.017519591376185417 0.024438923224806786
7 0.29848241806030273 0.5446993112564087 0.01998797617852688 0.028426839038729668
4 0.6227296590805054 0.391014963388443 0.013483032584190369 0.02438187599182129
4 0.7933475375175476 0.11826305836439133 0.015865173190832138 0.022920094430446625
4 0.21414263546466827 0.20025980472564697 0.020071793347597122 0.023848123848438263
4 0.1157887727022171 0.40252095460891724 0.01969604566693306 0.02252718061208725
4 0.746592104434967 0.7118790149688721 0.014437133446335793 0.027543457224965096
4 0.4464489221572876 0.8591909408569336 0.018796630203723907 0.024114258587360382
4 0.9023298621177673 0.4582458436489105 0.0205081794410944 0.02701989747583866
7 0.700969934463501 0.5022370219230652 0.023528320714831352 0.024401448667049408
4 0.29771244525909424 0.7137075066566467 0.01729315146803856 0.02316487580537796
4 0.6778745651245117 0.7558050155639648 0.01961706578731537 0.02616739831864834
7 0.5739262104034424 0.3651866912841797 0.028169799596071243 0.03128723055124283
4 0.43958020210266113 0.8229492902755737 0.0173456110060215 0.02263541705906391
4 0.29180482029914856 0.4688834547996521 0.019188323989510536 0.02383308857679367
7 0.7548032402992249 0.15714003145694733 0.017062926664948463 0.02875060960650444
7 0.5417391061782837 0.3003685176372528 0.01773413084447384 0.02731449343264103
4 0.5355640649795532 0.3417930603027344 0.016455505043268204 0.024673867970705032
4 0.8812877535820007 0.35698172450065613 0.011611572466790676 0.021033447235822678
4 0.8780925869941711 0.3730238378047943 0.014211669564247131 0.022411620244383812
4 0.3916530907154083 0.645374596118927 0.013429840095341206 0.02682775817811489
0 0.20370404422283173 0.8353884816169739 0.01583586074411869 0.03464103117585182
4 0.7171424627304077 0.44326651096343994 0.015206360258162022 0.02391674742102623
4 0.6014133095741272 0.18760091066360474 0.013222412206232548 0.01672973670065403
4 0.3466639220714569 0.8076013326644897 0.013795592822134495 0.022759439423680305
0 0.8218539953231812 0.8115019798278809 0.02204705774784088 0.03364306688308716
4 0.7245796918869019 0.6677895784378052 0.02091180346906185 0.02533341385424137
7 0.6266545653343201 0.3470214903354645 0.021531494334340096 0.022939534857869148
4 0.6222906708717346 0.5565442442893982 0.016250060871243477 0.02202543057501316
4 0.7257111668586731 0.6982698440551758 0.0184177253395319 0.02163468487560749
4 0.4588167667388916 0.15553656220436096 0.01239794958382845 0.023059265688061714
4 0.3599996864795685 0.3428657352924347 0.017599212005734444 0.02625528909265995
0 0.16547991335391998 0.5396661162376404 0.023045241832733154 0.02237028069794178
4 0.8242138624191284 0.43796655535697937 0.016284607350826263 0.01790555752813816
4 0.4191534221172333 0.47933223843574524 0.01206359826028347 0.02263028919696808
7 0.5444281697273254 0.5742623805999756 0.018510254099965096 0.02621052972972393
7 0.5780782699584961 0.4002464711666107 0.021343078464269638 0.02806778997182846
4 0.13666555285453796 0.12243473529815674 0.02021331712603569 0.022251129150390625
7 0.6957342624664307 0.32109516859054565 0.020790711045265198 0.02786102332174778
4 0.5627933144569397 0.4905206561088562 0.013688537292182446 0.022958902642130852
7 0.6724273562431335 0.42673227190971375 0.015791136771440506 0.030154703184962273
0 0.24132390745501286 0.4730077120822622 0.02634961439588693 0.030848329048843156
8 0.2953084832904884 0.7557840616966581 0.021208226221079693 0.020565552699228818
12 0.3184447300771208 0.7206512425021423 0.02249357326478151 0.02570694087403581
12 0.4032776349614396 0.7549271636675234 0.022493573264781474 0.025706940874035952
12 0.39138817480719795 0.737789203084833 0.019280205655527 0.029134532990574228
12 0.36728791773778924 0.7129391602399315 0.01735218508997434 0.02742073693230509
10 0.19312339331619532 0.6036846615252784 0.016066838046272486 0.024850042844901454
0 0.2101542416452442 0.6002570694087404 0.019280205655527 0.021422450728363386
12 0.20983290488431877 0.5835475578406171 0.016066838046272486 0.01885175664095968
4 0.16998714652956298 0.6186803770351328 0.023778920308483276 0.023993144815767024
8 0.5983290488431876 0.6958011996572409 0.02699228791773791 0.023993144815767097
0 0.5732647814910026 0.7030848329048842 0.008997429305912519 0.017994858611825322
12 0.5440231362467867 0.7103684661525278 0.021208226221079655 0.02570694087403581
8 0.8287275064267352 0.6872322193658954 0.023778920308483293 0.01713796058269068
0 0.5787275064267352 0.5839760068551842 0.023778920308483293 0.029991431019708727
0 0.4990359897172236 0.5394173093401885 0.01606683804627245 0.012853470437018046
12 0.4093830334190231 0.5295629820051413 0.019280205655527 0.02742073693230509
0 0.3615038560411311 0.3821765209940017 0.016066838046272524 0.01713796058269061
0 0.4077763496143959 0.337617823479006 0.01992287917737791 0.020565552699228818
0 0.42898457583547556 0.29134532990574125 0.01992287917737791 0.020565552699228818
0 0.24710796915167094 0.13067694944301628 0.025064267352185112 0.014567266495287062
12 0.3508997429305913 0.09297343616109682 0.01799485861182525 0.014567266495287062
8 0.5912596401028278 0.20308483290488433 0.01799485861182518 0.02227934875749785
8 0.7490359897172236 0.2056555269922879 0.01735218508997434 0.03084832904884319
0 0.730719794344473 0.3093401885175664 0.011568123393316228 0.015424164524421578
0 0.7541773778920309 0.41816623821765214 0.01092544987146539 0.01713796058269068
12 0.7647814910025708 0.5604113110539846 0.026992287917737768 0.020565552699228818
10 0.6786632390745502 0.8431876606683804 0.023136246786632456 0.013710368466152686
0 0.522172236503856 0.8808911739503 0.013496143958868884 0.01713796058269068
12 0.4730077120822622 0.882604970008569 0.007712082262210842 0.013710368466152544
4 0.47365038560411316 0.9250214224507283 0.011568123393316228 0.019708654670094177
4 0.44601542416452444 0.9215938303341902 0.012853470437018046 0.01799485861182518
0 0.40102827763496146 0.6006855184233076 0.01670951156812336 0.015424164524421542
0 0.3393316195372751 0.6165381319622965 0.010282776349614338 0.012853470437017976
12 0.36568123393316193 0.6015424164524421 0.01670951156812336 0.01713796058269061
13 0.6188946015424165 0.6619537275064267 0.014138817480719794 0.028277634961439587
12 0.6397814910025708 0.6169665809768637 0.01992287917737791 0.020565552699228818
0 0.6034704370179949 0.4434447300771208 0.021850899742930495 0.01970865467009432
8 0.586439588688946 0.42544987146529567 0.01606683804627238 0.014567266495287114
4 0.6693444730077122 0.3487574978577549 0.018637532133676016 0.025706940874035952
0 0.6609897172236504 0.3144815766923736 0.010925449871465247 0.015424164524421542
12 0.5456298200514138 0.2656383890317052 0.01670951156812336 0.020565552699228783
12 0.5247429305912596 0.25621251071122536 0.021208226221079728 0.02227934875749785
12 0.6037917737789203 0.2592116538131962 0.01735218508997427 0.024850042844901454
4 0.7088688946015423 0.23693230505569837 0.024421593830334133 0.02142245072836335
5 0.14524421593830336 0.3384747215081405 0.024421593830334216 0.022279348757497815
13 0.7111182519280206 0.8209083119108825 0.021208226221079655 0.013710368466152544
14 0.6879820051413881 0.8170522707797773 0.016066838046272524 0.01970865467009432
12 0.8078406169665808 0.6692373607540704 0.019280205655527 0.01885175664095982
0 0.8431876606683804 0.662382176520994 0.025706940874035952 0.025706940874035952
0 0.9048843187660668 0.5269922879177378 0.012853470437017905 0.020565552699228818
12 0.8296915167095116 0.5299914310197087 0.01670951156812336 0.021422450728363386
12 0.8014138817480719 0.4970008568980292 0.01670951156812336 0.02742073693230502
0 0.756426735218509 0.44044558697515 0.019280205655527 0.02742073693230502
13 0.8116966580976864 0.3984575835475579 0.01670951156812336 0.02570694087403602
0 0.576478149100257 0.30805484147386464 0.023136246786632456 0.029991431019708657
0 0.782133676092545 0.2892030848329049 0.021850899742930637 0.026563838903170555
0 0.8496143958868894 0.26135389888603255 0.010282776349614409 0.018851756640959713
0 0.8917095115681235 0.2750642673521851 0.021208226221079797 0.018851756640959713
13 0.7769922879177378 0.363324764353042 0.014138817480719865 0.023993144815766882
8 0.9498714652956298 0.39502999143101974 0.017994858611825322 0.022279348757497885
13 0.9524421593830334 0.3718937446443873 0.015424164524421542 0.023993144815766882
4 0.12275064267352186 0.27420736932305056 0.011568123393316192 0.02570694087403602
5 0.2185089974293059 0.12724935732647816 0.028277634961439587 0.024850042844901454
0 0.27795629820051415 0.09040274207369321 0.016066838046272486 0.012853470437017993
0 0.21240359897172234 0.41559554413024846 0.010925449871465282 0.015424164524421542
10 0.22879177377892032 0.8371893744644388 0.015424164524421613 0.02570694087403609
12 0.17834190231362468 0.7527849185946871 0.014781491002570703 0.024850042844901454
0 0.23200514138817482 0.7167952013710368 0.011568123393316192 0.014567266495287043
12 0.3329048843187661 0.5171379605826907 0.015424164524421613 0.023136246786632383
0 0.4508354755784062 0.1970865467009426 0.022493573264781474 0.017137960582690646
12 0.39267352185089976 0.18337617823479008 0.019280205655527 0.022279348757497885
8 0.45276349614395883 0.09554413024850042 0.021208226221079728 0.021422450728363334
0 0.570694087403599 0.20308483290488433 0.020565552699228818 0.020565552699228745
5 0.6670951156812339 0.3946015424164524 0.015424164524421542 0.031705227077977724
12 0.4582262210796915 0.41688089117395033 0.01670951156812336 0.021422450728363317
0 0.47718508997429304 0.4040274207369323 0.019922879177377836 0.02656383890317052
0 0.4903598971722365 0.34661525278491856 0.00899742930591259 0.016281062553556182
