4 0.6013329029083252 0.4859754741191864 0.01886163279414177 0.02279638685286045
4 0.24224136769771576 0.5738534331321716 0.021405121311545372 0.03020581044256687
4 0.12328974902629852 0.3189328610897064 0.013712302781641483 0.01984189823269844
4 0.7220271229743958 0.6240698099136353 0.017766417935490608 0.0277862548828125
4 0.7536343932151794 0.6883255243301392 0.015656372532248497 0.02105814591050148
4 0.7902593016624451 0.2836438715457916 0.01401049830019474 0.023934245109558105
8 0.8939878940582275 0.5646447539329529 0.02242889441549778 0.02740873210132122
12 0.5882957577705383 0.7669647336006165 0.017066223546862602 0.02206673100590706
4 0.4350069463253021 0.17574302852153778 0.01775170862674713 0.02299264445900917
8 0.13520242273807526 0.5751176476478577 0.023927932605147362 0.02595292218029499
12 0.16182245589926805 0.461406840482326 0.018364605565667973 0.025467631417456824
8 0.7775571346282959 0.6398665904998779 0.019022949039936066 0.02452925592660904
12 0.3145800232887268 0.37250080704689026 0.01653805561363697 0.022738728672266006
7 0.8802306056022644 0.6349584460258484 0.02165643312036991 0.02611173503100872
4 0.8030620813369751 0.6449317932128906 0.017217041924595833 0.02214103192090988
7 0.8780491948127747 0.43887972831726074 0.019402099773287773 0.02527998946607113
7 0.5335561633110046 0.5403749942779541 0.020207824185490608 0.02492867037653923
7 0.8231657147407532 0.40576204657554626 0.019239014014601707 0.02680586837232113
10 0.11562005363423915 0.627282554202337 0.02475624493680021 0.025786401949752964
7 0.7170306444168091 0.2860974073410034 0.022274108603596687 0.02569185383617878
4 0.314425528049469 0.11028280854225159 0.014538970775902271 0.01952730305492878
12 0.41315585374832153 0.44939014315605164 0.014854736626148224 0.02093200758099556
12 0.7100872993469238 0.435383677482605 0.018447082489728928 0.022289469838142395
7 0.8165076971054077 0.5957832336425781 0.019989563152194023 0.021656006574630737
4 0.5035321116447449 0.10915441811084747 0.013238921761512756 0.019529733806848526
12 0.36454368947710647 0.5280222512251715 0.02118634015015295 0.0291911263717936
4 0.23277431726455688 0.3890828788280487 0.014705276116728783 0.0225368645042181
12 0.5792596530178826 0.3848199844360354 0.023308032376639098 0.020423298701643958
8 0.6915280818939209 0.14364323019981384 0.018345031887292862 0.02264258824288845
4 0.2260652482509613 0.2880704998970032 0.015279769897460938 0.02305196039378643
0 0.3079422116279602 0.782429039478302 0.02035250887274742 0.021302001550793648
12 0.7843511700630191 0.7142035527012751 0.01437066681683065 0.025005447463592928
7 0.24051347374916077 0.4424387216567993 0.020366394892334938 0.023407917469739914
7 0.413176953792572 0.3599715530872345 0.018568817526102066 0.025661133229732513
7 0.4598807990550995 0.6916009187698364 0.020823761820793152 0.027366414666175842
4 0.913363516330719 0.4102321267127991 0.01733819581568241 0.020145263522863388
13 0.20790488431876608 0.25064267352185093 0.021208226221079655 0.01285347043701801
12 0.1818766066838046 0.37532133676092544 0.016709511568123395 0.023993144815766882
12 0.10539845758354754 0.31876606683804626 0.0205655526992288 0.029134532990574086
0 0.13496143958868895 0.23136246786632392 0.01285347043701801 0.011996572407883477
0 0.15038560411311053 0.2549271636675236 0.010282776349614426 0.016281062553556182
8 0.1384961439588689 0.2544987146529563 0.014781491002570703 0.03084832904884319
13 0.20822622107969152 0.1683804627249357 0.015424164524421578 0.026563838903170555
0 0.22879177377892032 0.1383890317052271 0.012853470437017976 0.012853470437017993
4 0.37307197943444736 0.15895458440445587 0.013496143958868955 0.028277634961439587
4 0.297879177377892 0.18723221936589546 0.008354755784061717 0.02656383890317052
4 0.3306555269922879 0.23607540702656382 0.016066838046272524 0.01799485861182518
14 0.08419023136246784 0.47772065124250224 0.021850899742930578 0.028277634961439407
0 0.04209511568123394 0.5878320479862896 0.01349614395886889 0.011996572407883406
13 0.1050771208226221 0.5741216795201372 0.021208226221079693 0.01713796058269054
0 0.2159383033419023 0.7142245072836332 0.01285347043701801 0.021422450728363317
6 0.288560411311054 0.6435304198800342 0.008997429305912625 0.03427592116538129
13 0.40295629820051415 0.5441302485004285 0.014138817480719794 0.023993144815766813
12 0.4765424164524422 0.5484147386461011 0.013496143958868884 0.015424164524421542
0 0.41966580976863754 0.517566409597258 0.012853470437018046 0.02742073693230509
0 0.29145244215938304 0.5227077977720651 0.010925449871465282 0.010282776349614338
0 0.2773136246786633 0.5025706940874036 0.008354755784061717 0.00942587832047991
0 0.21786632390745503 0.5021422450728363 0.024421593830334168 0.02570694087403602
12 0.2191516709511568 0.46829477292202226 0.024421593830334203 0.024850042844901454
0 0.20244215938303342 0.46786632390745503 0.014138817480719794 0.01713796058269068
0 0.19987146529562982 0.4970008568980292 0.00899742930591259 0.006855184233076343
12 0.32519280205655526 0.3449014567266495 0.020565552699228783 0.01799485861182525
12 0.29723650385604117 0.2879177377892031 0.016066838046272486 0.02570694087403602
11 0.34318766066838036 0.18123393316195377 0.021850899742930564 0.036846615252784896
13 0.5205655526992288 0.16281062553556125 0.020565552699228745 0.02742073693230502
12 0.47268637532133684 0.1910882604970008 0.01863753213367609 0.02570694087403602
12 0.4517994858611825 0.22193658954584403 0.014138817480719722 0.02570694087403602
12 0.5359897172236504 0.27892030848329047 0.007712082262210771 0.024850042844901454
12 0.5697300771208226 0.26263924592973437 0.00964010282776357 0.017994858611825145
13 0.5417737789203084 0.6096829477292203 0.011568123393316157 0.031705227077977724
0 0.5723007712082263 0.5655526992287918 0.013496143958868884 0.02913453299057416
12 0.6111825192802057 0.5454155955441302 0.016709511568123434 0.023136246786632456
0 0.647172236503856 0.6161096829477293 0.021850899742930564 0.02742073693230509
12 0.7146529562982005 0.7716366752356469 0.010282776349614409 0.019708654670094177
12 0.672879177377892 0.30377035132819197 0.016709511568123503 0.023136246786632418
0 0.8020565552699229 0.19751499571550984 0.020565552699228818 0.023136246786632383
8 0.8113753213367609 0.16966580976863754 0.019922879177377978 0.015424164524421613
8 0.6593830334190233 0.1803770351328192 0.012853470437018046 0.024850042844901454
12 0.6008997429305913 0.19023136246786632 0.015424164524421613 0.018851756640959748
0 0.913560411311054 0.22750642673521854 0.013496143958868884 0.01456726649528708
12 0.843508997429306 0.5621251071122536 0.02249357326478133 0.023993144815767024
0 0.6388174807197943 0.8037703513281919 0.015424164524421613 0.022279348757497815
0 0.654241645244216 0.774635818337618 0.020565552699228676 0.020565552699228676
12 0.7480719794344474 0.5269922879177378 0.020565552699228818 0.01713796058269068
12 0.5678020565552699 0.43444730077120824 0.018637532133676016 0.029134532990574086
0 0.5482005141388175 0.434018851756641 0.014138817480719865 0.01970865467009432
12 0.4955012853470437 0.3628963153384747 0.014138817480719865 0.023136246786632383
0 0.6658097686375322 0.4310197086546701 0.020565552699228676 0.02742073693230509
8 0.7069408740359897 0.3821765209940016 0.015424164524421542 0.022279348757497815
4 0.7769922879177378 0.41131105398457585 0.00899742930591259 0.01885175664095968
12 0.8907455012853472 0.41945158526135395 0.01670951156812336 0.021422450728363317
12 0.7438946015424165 0.19837189374464437 0.013496143958868884 0.017994858611825214
0 0.75 0.17609254498714655 0.012853470437017905 0.017994858611825214
0 0.926413881748072 0.34575835475578404 0.014781491002570703 0.021422450728363244
0 0.8422236503856041 0.5197086546700943 0.012210796915167068 0.012853470437017976
0 0.41580976863753216 0.2849185946872322 0.011568123393316228 0.016281062553556148
13 0.34383033419023135 0.2930591259640103 0.01670951156812336 0.02570694087403602
14 0.6333547557840616 0.2776349614395887 0.019922879177377836 0.029134532990574086
0 0.9148457583547558 0.6585261353898886 0.009640102827763428 0.01970865467009432
0 0.8547557840616966 0.6713796058269065 0.0064267352185089525 0.011139674378748765
0 0.8650385604113111 0.6653813196229649 0.015424164524421684 0.021422450728363317
0 0.8454370179948586 0.6439588688946014 0.01092544987146539 0.029991431019708657
0 0.9415167095115683 0.41816623821765203 0.012853470437017905 0.018851756640959748
13 0.11696658097686374 0.4198800342759212 0.017994858611825197 0.013710368466152544
