8 0.4113110539845758 0.7986289631533847 0.01799485861182532 0.01885175664095991
6 0.1911953727506427 0.3230505569837189 0.019922879177377874 0.018851756640959748
14 0.2866323907455013 0.6263924592973438 0.023136246786632418 0.02913453299057416
14 0.19248071979434445 0.5317052270779777 0.022493573264781474 0.023136246786632383
0 0.5472365038560412 0.578834618680377 0.012210796915167138 0.012853470437018046
14 0.6044344473007712 0.523993144815767 0.012210796915167138 0.01799485861182525
0 0.7474293059125965 0.5274207369323052 0.01670951156812322 0.01799485861182527
14 0.8152313624678663 0.5119965724078834 0.012210796915167067 0.012853470437017976
14 0.7416452442159382 0.5051413881748071 0.010282776349614409 0.012853470437017976
0 0.5764781491002571 0.2660668380462725 0.014138817480719722 0.014567266495287043
0 0.512853470437018 0.4665809768637532 0.01799485861182525 0.014567266495287043
