4 0.393637532133676 0.841045415595544 0.01735218508997427 0.023136246786632314
4 0.13239074550128532 0.7969151670951156 0.017994858611825208 0.0239931448157668
4 0.6715938303341903 0.6902313624678663 0.021850899742930637 0.03341902313624672
0 0.3026992287917738 0.8256212510711225 0.026992287917737768 0.01799485861182518
14 0.2204370179948586 0.8260497000856898 0.0218508997429306 0.023993144815766955
0 0.13174807197943444 0.6743787489288775 0.024421593830334185 0.01885175664095968
0 0.14974293059125962 0.6495287060839761 0.008997429305912607 0.02742073693230509
0 0.1384961439588689 0.6341045415595545 0.01863753213367609 0.023993144815766882
7 0.11825192802056556 0.48243359040274214 0.028277634961439587 0.03598971722365043
0 0.15809768637532134 0.45715509854327335 0.0231362467866324 0.012853470437018046
0 0.14974293059125962 0.3658954584404455 0.0205655526992288 0.02570694087403602
0 0.14042416452442158 0.11139674378748929 0.02249357326478149 0.030848329048843208
0 0.12789203084832906 0.18637532133676094 0.01928020565552698 0.029991431019708657
0 0.21272493573264784 0.5201371036846616 0.024421593830334203 0.022279348757497815
0 0.23425449871465298 0.5188517566409597 0.021208226221079693 0.016281062553556113
0 0.26735218508997427 0.7120822622107968 0.023136246786632383 0.032562125107112226
0 0.22782776349614395 0.737789203084833 0.014781491002570668 0.032562125107112365
0 0.20501285347043702 0.7077977720651242 0.019280205655527 0.03427592116538122
13 0.17930591259640102 0.7480719794344473 0.016709511568123395 0.025706940874035952
0 0.1821979434447301 0.6362467866323908 0.01992287917737791 0.01799485861182525
0 0.20147814910025708 0.6366752356469579 0.016066838046272486 0.018851756640959748
0 0.27822836574687504 0.6364170887438914 0.017413077533792603 0.024184829908045272
0 0.3121475896929086 0.5718435928894106 0.02067802957137875 0.02660331289884972
12 0.29237649124308157 0.5585419364399855 0.018138622431033972 0.023217436711723424
0 0.30688738918790875 0.5333897133356185 0.01958971222551671 0.01934786392643616
0 0.25374122546497924 0.5778898003664217 0.018501394879654676 0.025152223104367124
0 0.23397012701515216 0.6777731478866488 0.021766346917240754 0.029505492487815276
0 0.2557364739323927 0.6816427206719353 0.027570706095171555 0.025635919702529007
0 0.2798608417656681 0.6734198785032006 0.021403574468620085 0.028538099291493212
13 0.3803488100335963 0.6876889281489474 0.016324760187930637 0.024184829908045203
0 0.3975805013430786 0.729770532188946 0.018138622431034007 0.02515222310436698
14 0.42012789734219963 0.8257103508558101 0.01805859482886824 0.022661766059756304
0 0.19572329983641035 0.4687875354146494 0.022838811107098102 0.025494486817225662
0 0.19864454311755084 0.431253985378178 0.023369946249123644 0.024078126438490912
13 0.26370859801567903 0.41142494007589137 0.024963351675200193 0.02124540568102141
0 0.28495400369670054 0.34627236265409217 0.02496335167520023 0.02124540568102148
0 0.10383692026599245 0.24216987481708693 0.023901081391149166 0.025494486817225735
0 0.180054813146657 0.24039942434366846 0.024432216533174688 0.024786306627858395
0 0.2637085980156791 0.2591661993619041 0.02390108139114915 0.02549448681722577
0 0.2756591387112537 0.23154717197657618 0.026556757101276852 0.02691084719596052
12 0.35668380462724936 0.21079691516709517 0.024421593830334265 0.027420736932305057
0 0.28534704370179953 0.143101970865467 0.0218508997429306 0.02227934875749785
0 0.24614395886889454 0.14695801199657238 0.024421593830334213 0.03684661525278496
0 0.1915167095115681 0.15852613538988863 0.020565552699228783 0.039417309340188514
0 0.1597043701799486 0.12339331619537276 0.019922879177377874 0.030848329048843208
0 0.32069408740359895 0.10796915167095116 0.0218508997429306 0.03084832904884319
7 0.41838046272493573 0.21165381319622967 0.024421593830334133 0.029134532990574124
0 0.41580976863753205 0.35047129391602394 0.021850899742930564 0.022279348757497885
0 0.41516709511568123 0.36675235646958015 0.01670951156812336 0.018851756640959748
0 0.4273778920308483 0.4584404455869751 0.019280205655526926 0.025706940874035952
13 0.413560411311054 0.45415595544130255 0.01863753213367609 0.020565552699228745
0 0.38989828686210765 0.47251855176870294 0.013567689578413393 0.03405224051052777
0 0.4084540976090554 0.48475607570217377 0.022745832528516557 0.018090252771217907
0 0.4024683522068142 0.532908072049092 0.013966739271896173 0.022878849093010772
0 0.35438286414214315 0.5049745935052996 0.017558186513240842 0.02873157793075791
13 0.42920468167015824 0.5919674266845386 0.02114963375458558 0.02394298160896483
13 0.4393804488539683 0.5802619690090447 0.02474108099593046 0.015429921481332869
12 0.44476761971598533 0.6515588475779623 0.01715913681975813 0.021814716577056713
0 0.44416904517576133 0.6970505126349954 0.015163888352344373 0.012769590191448117
13 0.43299565375824445 0.7507892046906721 0.021548683448068217 0.015961987739309933
13 0.4166346163254518 0.7795207826214298 0.014365788965378884 0.013833722707401677
13 0.5179932384700695 0.7228557261468797 0.01915438528717182 0.011173391417516854
0 0.5199884869374833 0.6337346279357329 0.021548683448068432 0.02447504786694182
0 0.4986393283361564 0.6401194230314567 0.014764838658861735 0.02234678283503392
13 0.47768921942831205 0.6023427187150899 0.01915438528717189 0.019154385287171963
0 0.5261159149333955 0.7462802835553478 0.026291189530263923 0.021811949832515415
0 0.5199806873298379 0.8360639682674086 0.018864167328275342 0.030956582282298088
13 0.5671411056505262 0.7741508037028126 0.026119616300688903 0.011608718355861782
0 0.6464068856741447 0.7635094785432728 0.021403574468619978 0.013543504748505485
0 0.6687173912643164 0.758914360860744 0.02466852650620609 0.027570706095171572
13 0.7271237554922458 0.7693138377212035 0.021040802019999347 0.023217436711723563
13 0.6534809484222479 0.8329199403793627 0.017413077533792603 0.026603312898849794
12 0.6197431107005248 0.6895038990246541 0.019589712225516677 0.020315257122758085
13 0.5687735816693195 0.5908297929998294 0.025031298954826937 0.016445684337470894
13 0.5678666505477676 0.5555199413340833 0.020315257122758085 0.029021795889654242
13 0.5562579321919059 0.5032807087327055 0.020315257122758085 0.013543504748505414
13 0.4648392751394947 0.45950616659914345 0.020315257122758085 0.01112502175770075
13 0.4418032246520815 0.4476555999442013 0.022129119365861455 0.022250043515401715
13 0.4659275924853567 0.47861218222649926 0.012334263253103116 0.020315257122758085
13 0.427110940482944 0.48103066521730375 0.017413077533792603 0.017413077533792603
0 0.4945322000590974 0.4234546470622383 0.023543931915482118 0.02979571044671175
0 0.480964510480684 0.43436200535076663 0.01715913681975813 0.021814716577056786
0 0.5442138868976995 0.6211172619006925 0.009577192643585945 0.027135379156826858
0 0.5362328930280446 0.6804426496651277 0.02234678283503392 0.020218517803125877
0 0.606465639081008 0.6549034692822318 0.020750584061102872 0.022346782835033992
0 0.5468077099053373 0.7211457184003678 0.02274583252851663 0.025007114124918815
12 0.5785321605372158 0.7405661368165282 0.011173391417516925 0.017026120255263778
0 0.7016389909766434 0.6969367036624144 0.02753442885030964 0.029795710446711893
0 0.7269786465127979 0.64106974657483 0.02394298160896483 0.013833722707401961
0 0.6367934157856969 0.6008987440975666 0.012769590191447903 0.0292636441887349
0 0.47677448869911515 0.3753026507153201 0.027135379156826785 0.026071246640872802
1 0.4965274485265111 0.3683857893616191 0.01636103743279257 0.022878849093010842
0 0.5875107786405777 0.4085567918388823 0.021149633754585652 0.030859842962665737
0 0.5645654212653196 0.4747990409570184 0.023942981608964898 0.023942981608964898
0 0.5430167378172512 0.4825140016976849 0.02234678283503392 0.02447504786694182
0 0.7381520379303147 0.5726992324247857 0.023144882221999126 0.036712571800412805
0 0.6992446928157469 0.5945139490018426 0.017957236206723622 0.030327776704688746
0 0.7938194701711582 0.5899913858090384 0.020351534367620668 0.024475047866941747
14 0.7517197275087281 0.5216208716589941 0.01676008712627521 0.025007114124918742
0 0.8253443959562952 0.46841424586129426 0.021947733141550983 0.02500711412491887
0 0.7870356253819512 0.4322337403188587 0.025938230076378518 0.03352017425255077
0 0.6306081455367142 0.4375544028986286 0.009976242337068796 0.02926364418873476
0 0.5597768249435267 0.305868004049322 0.012769590191447903 0.02766744541480385
0 0.5069027405570625 0.30054734146955203 0.02274583252851663 0.020218517803125842
0 0.5061046411700971 0.2760722936026102 0.025938230076378587 0.02128265031907983
12 0.43686951935084045 0.303207672759437 0.02075058406110273 0.03085984296266581
12 0.4015536214776172 0.314381064176954 0.015562938045827153 0.028731577930757837
0 0.40474601902547924 0.2973549439216901 0.016361037432792644 0.021282650319079898
0 0.4189122831441168 0.26942146537789774 0.023144882221999268 0.028199511672780772
12 0.3786082641023594 0.40722662619394 0.0207505840611028 0.026071246640872802
0 0.3149598379918611 0.40084183109821586 0.01875533559368911 0.019686451545148885
0 0.28343491220672407 0.37796298200520506 0.017957236206723622 0.019686451545148885
0 0.2981997508655857 0.309592467855161 0.022745832528516596 0.032988107994573815
0 0.3257341797158953 0.26862336599093223 0.017957236206723622 0.029795710446711823
0 0.30558217019501654 0.21142624325840512 0.015163888352344373 0.02394298160896483
0 0.25969145544450056 0.31996775988571247 0.017558186513240877 0.018622319029194898
0 0.41285430974735504 0.08952025967512962 0.020315257122758085 0.024668526506206198
0 0.5042729667997662 0.16691171538087457 0.018864167328275342 0.027570706095171663
0 0.46799572193769834 0.275017905069837 0.021766346917240824 0.02998918908597613
12 0.4638238387785605 0.23172705953443593 0.01414812549620649 0.027570706095171645
7 0.4797858265178704 0.22277867246845914 0.02140357446862005 0.02708700949701072
1 0.42518857300045815 0.1906128486907589 0.024668526506206233 0.018864167328275342
0 0.6152813360776941 0.2005286289530575 0.024668526506206233 0.0386957278528725
0 0.6058492524135565 0.2375314187123668 0.02249189181448209 0.02853809929149346
0 0.5771902289725229 0.21818355478593054 0.02249189181448209 0.03047288568413709
0 0.678766514586313 0.14466167186547285 0.029747340786895792 0.02370113330988442
0 0.6711482931652788 0.2842081404348942 0.020315257122758085 0.021282650319079933
0 0.6647997753144169 0.24672165407742402 0.019226939776895904 0.019831560524597124
0 0.7005328615035538 0.22543900375834414 0.02394298160896483 0.026603312898849863
7 0.7114160349621741 0.2820315057431701 0.023217436711723282 0.024668526506206198
0 0.7694596267414827 0.2022215670466207 0.018138622431033865 0.014027201346666266
0 0.7195784150561394 0.15965626640846098 0.025031298954826725 0.025635919702528015
0 0.592245285590281 0.10427300591903725 0.022854664263102932 0.03289136867494157
0 0.5561494269525235 0.12168608345282987 0.019589712225516677 0.025152223104367107
0 0.7393401176995473 0.08710616329218805 0.02230767596507249 0.02549448681722577
0 0.8320231999830036 0.11295474020409753 0.02602562195925145 0.031868108521532205
0 0.645860332703053 0.3664832479976205 0.02124540568102141 0.02053722549165407
0 0.6073530349062015 0.5208665292797098 0.012216108266587327 0.03186810852153222
0 0.6979115766215555 0.5598164396949159 0.02124540568102148 0.02053722549165414
0 0.7438547664067644 0.47129391602399306 0.020714270538995976 0.02053722549165407
13 0.7892668210499478 0.46810710517183984 0.025494486817225662 0.02832720757469531
0 0.7977649833223565 0.5215747094690772 0.02124540568102134 0.03186810852153222
13 0.826711848562748 0.41640995134802095 0.022838811107097998 0.024078126438491054
13 0.8548620110901015 0.3494869234528033 0.02602562195925131 0.023369946249123644
0 0.7863455777688074 0.25742349883504356 0.026025621959251167 0.023369946249123714
0 0.7528840638211985 0.31655654464722 0.021776540823046843 0.026910847195960555
0 0.7273895770039729 0.3402805809910272 0.016465189402791795 0.02053722549165407
0 0.6851643332129427 0.33249059890798605 0.018058594828868308 0.024786306627858395
13 0.5916845482164481 0.3278874276770981 0.02336994624912357 0.012747243408612973
13 0.5029849794981838 0.5867272868908767 0.01380951369266432 0.030451748142797476
13 0.5080307633474261 0.24503034552111436 0.02390108139114922 0.029743567953430094
