4 0.9690088033676147 0.4273297190666199 0.02057037316262722 0.02292122319340706
4 0.8038458228111267 0.602142333984375 0.018204467371106148 0.0217084139585495
4 0.12494391202926636 0.3657398223876953 0.026954323053359985 0.026370849460363388
12 0.5037742257118225 0.07757909595966339 0.024647491052746773 0.025421112775802612
4 0.7167049646377563 0.25012966990470886 0.020487122237682343 0.02404709905385971
5 0.5647656321525574 0.32718488574028015 0.017643004655838013 0.03583693504333496
4 0.4732806980609894 0.7601490020751953 0.014724334701895714 0.030391927808523178
12 0.49484962224960327 0.6076592803001404 0.0133514404296875 0.0209813229739666
4 0.47668567299842834 0.6356009840965271 0.01334133930504322 0.020148437470197678
4 0.8156660199165344 0.4085618555545807 0.013103088364005089 0.02311873435974121
12 0.5572824478149414 0.6922398805618286 0.014867797493934631 0.02699609287083149
0 0.9414969086647034 0.39211809635162354 0.02447204664349556 0.02425309270620346
4 0.17405878007411957 0.24487954378128052 0.017510833218693733 0.024920573458075523
11 0.1930464804172516 0.6960271596908569 0.024876678362488747 0.022335367277264595
7 0.2597428560256958 0.2941771149635315 0.028710434213280678 0.02716979943215847
0 0.21021533012390137 0.10151580721139908 0.021626953035593033 0.026632843539118767
0 0.14010282776349614 0.15938303341902313 0.011568123393316192 0.010282776349614392
4 0.21722365038560412 0.363324764353042 0.007712082262210771 0.010282776349614409
0 0.15841902313624678 0.45201371036846616 0.0109254498714653 0.005998286203941774
14 0.1108611825192802 0.5398457583547558 0.01863753213367609 0.023993144815766882
12 0.45051413881748076 0.3161953727506427 0.021850899742930564 0.018851756640959748
8 0.44023136246786637 0.14738646101113967 0.021850899742930637 0.0205655526992288
8 0.5279562982005142 0.12253641816623823 0.013496143958868884 0.03256212510711226
8 0.38174807197943444 0.4383033419023137 0.020565552699228818 0.016281062553556113
12 0.39524421593830333 0.4190231362467866 0.01670951156812336 0.01885175664095968
12 0.26960154241645246 0.4130248500428449 0.01735218508997427 0.022279348757497885
14 0.317159383033419 0.30591259640102825 0.02249357326478144 0.022279348757497885
4 0.23907455012853468 0.5779777206512425 0.020565552699228783 0.01799485861182518
14 0.20758354755784061 0.6096829477292203 0.019280205655527 0.016281062553556182
13 0.3910668380462725 0.8543273350471293 0.01992287917737791 0.025706940874035952
12 0.39010282776349614 0.8277634961439588 0.021850899742930564 0.023993144815766955
10 0.38142673521850895 0.6546700942587832 0.025064267352185043 0.023993144815766813
12 0.4376606683804627 0.6083976006855185 0.011568123393316228 0.02742073693230509
12 0.45404884318766064 0.6113967437874892 0.013496143958868884 0.02656383890317052
6 0.4749357326478149 0.5766923736075407 0.012853470437017976 0.02570694087403602
12 0.4749357326478149 0.4554413024850043 0.016709511568123434 0.021422450728363317
12 0.4360539845758355 0.40616966580976865 0.018637532133676016 0.02742073693230509
12 0.4951799485861183 0.36975149957155096 0.013496143958868955 0.016281062553556182
0 0.5829048843187661 0.299057412167952 0.01670951156812336 0.02570694087403602
8 0.6201799485861182 0.31705227077977716 0.0115681233933163 0.027420736932305054
14 0.5983290488431876 0.3423307626392459 0.014138817480719865 0.029991431019708657
8 0.6793059125964009 0.3239074550128535 0.01670951156812336 0.01713796058269061
8 0.663560411311054 0.2210796915167095 0.012210796915166924 0.022279348757497885
8 0.6767352185089974 0.1525278491859469 0.0064267352185089525 0.027420736932305036
14 0.6944087403598972 0.12167952013710369 0.018637532133676016 0.017137960582690664
12 0.6388174807197944 0.13196229648671806 0.010282776349614409 0.023993144815766934
4 0.7875964010282778 0.36846615252784914 0.016066838046272524 0.023993144815766882
4 0.8910668380462724 0.5287060839760068 0.019922879177377836 0.015424164524421542
4 0.8618251928020565 0.5518423307626392 0.019280205655526857 0.020565552699228818
12 0.8287275064267352 0.5539845758354756 0.01735218508997434 0.014567266495287043
12 0.8097686375321337 0.543273350471294 0.015424164524421542 0.023993144815766955
0 0.6854113110539847 0.6053984575835476 0.016066838046272524 0.016281062553556113
8 0.4945372750642673 0.5077120822622108 0.025064267352185043 0.01799485861182518
8 0.5083547557840616 0.5505569837189374 0.01670951156812336 0.01799485861182525
6 0.5125321336760926 0.5818337617823479 0.012210796915167138 0.02913453299057416
0 0.5202442159383034 0.7210796915167095 0.014781491002570632 0.01628106255355604
8 0.5424164524421593 0.7403598971722366 0.017994858611825107 0.023993144815766955
12 0.5832262210796916 0.7716366752356469 0.014781491002570703 0.014567266495287043
12 0.5732647814910026 0.7369323050556983 0.01799485861182525 0.01713796058269068
4 0.6243573264781491 0.7853470437017995 0.014781491002570774 0.01799485861182518
11 0.6118251928020565 0.7892030848329048 0.01799485861182518 0.029134532990574228
4 0.7091902313624678 0.8226221079691516 0.0173521850899742 0.027420736932304946
0 0.7776349614395887 0.6842330762639246 0.007712082262210771 0.011139674378748908
0 0.7275064267352184 0.6431019708654669 0.007712082262210771 0.007712082262210842
0 0.8666452442159382 0.6242502142245072 0.009640102827763286 0.014567266495287043
13 0.8839974293059126 0.5895458440445587 0.019922879177377978 0.023993144815766882
12 0.7895244215938303 0.6778063410454158 0.016066838046272524 0.01885175664095968
11 0.4395886889460154 0.655955441302485 0.015424164524421613 0.029991431019708584
14 0.4222365038560411 0.6371036846615253 0.01670951156812336 0.016281062553556255
10 0.30526992287917737 0.6023993144815767 0.01799485861182518 0.022279348757497958
12 0.27410025706940877 0.1178234790059983 0.01606683804627245 0.016281062553556113
0 0.2982005141388175 0.1023993144815767 0.010282776349614373 0.019708654670094264
0 0.28823907455012854 0.07583547557840617 0.021208226221079655 0.007712082262210789
13 0.3782133676092545 0.13367609254498716 0.01863753213367609 0.017137960582690646
6 0.393637532133676 0.12853470437017994 0.01735218508997427 0.027420736932305054
0 0.7856683804627249 0.09211653813196229 0.013496143958868884 0.012853470437017993
0 0.8065552699228792 0.10411311053984576 0.011568123393316228 0.01628106255355613
0 0.903598971722365 0.3770351328191945 0.01799485861182518 0.020565552699228818
13 0.9501928020565552 0.3106255355612682 0.016066838046272524 0.02142245072836335
4 0.8669665809768636 0.3144815766923736 0.021850899742930637 0.011996572407883512
5 0.8660025706940874 0.2952013710368466 0.014781491002570703 0.017994858611825214
5 0.6086118251928021 0.5844044558697514 0.026992287917737768 0.013710368466152473
