0 0.7294344473007712 0.8217652099400172 0.016709511568123503 0.020565552699228676
13 0.8447943444730077 0.4391602399314482 0.02763496143958875 0.019708654670094247
0 0.8952442159383034 0.3851756640959725 0.014138817480720007 0.02656383890317052
0 0.8836760925449871 0.389031705227078 0.014138817480719722 0.02742073693230509
13 0.3467223650385604 0.3367609254498714 0.014781491002570703 0.030848329048843156
0 0.3991002570694087 0.3110539845758355 0.024421593830334203 0.03941730934018853
0 0.3280848329048843 0.31276778063410454 0.021208226221079693 0.018851756640959713
13 0.13881748071979436 0.6083976006855184 0.011568123393316192 0.029134532990574086
0 0.6873393316195373 0.24250214224507285 0.025064267352185112 0.022279348757497885
14 0.8046272493573265 0.22964867180805484 0.01799485861182518 0.015424164524421578
14 0.6339974293059126 0.5055698371893744 0.01735218508997427 0.01713796058269068
14 0.6709511568123393 0.4991431019708655 0.023136246786632456 0.029991431019708657
