4 0.6140745501285347 0.7052270779777206 0.025064267352185112 0.022279348757497958
14 0.15874035989717225 0.2767780634104542 0.023136246786632383 0.023993144815766917
14 0.5224935732647815 0.29648671808054844 0.021850899742930637 0.027420736932304984
0 0.7567480719794344 0.4130248500428449 0.023778920308483435 0.015424164524421542
0 0.8859254498714652 0.38174807197943444 0.013496143958868884 0.01970865467009436
0 0.2210796915167095 0.5218508997429305 0.01285347043701801 0.011996572407883549
13 0.3859254498714653 0.657669237360754 0.013496143958868884 0.028277634961439587
15 0.5009640102827764 0.5338474721508141 0.01735218508997434 0.02742073693230509
13 0.5388817480719794 0.48329048843187666 0.012210796915167067 0.030848329048843156
0 0.7660668380462724 0.7090831191088262 0.010282776349614551 0.014567266495287043
14 0.7589974293059126 0.6893744644387318 0.019280205655527 0.016281062553556182
