4 0.12172409147024155 0.3770201504230499 0.02706911414861679 0.029336262494325638
4 0.7031787037849426 0.23247253894805908 0.02221960388123989 0.02315724641084671
4 0.9700169563293457 0.4276581108570099 0.018770020455121994 0.02148282900452614
4 0.6257526874542236 0.3948251008987427 0.014792663976550102 0.026885986328125
12 0.07042182981967926 0.4217659533023834 0.018911652266979218 0.020400594919919968
4 0.8298320770263672 0.3052786588668823 0.017781494185328484 0.03008766658604145
4 0.4230693280696869 0.44325968623161316 0.014485656283795834 0.02062426693737507
0 0.4129236936569214 0.34774714708328247 0.01622982695698738 0.01793886348605156
4 0.9100348949432373 0.1900692880153656 0.015143982134759426 0.02283337339758873
7 0.1901874840259552 0.2783737778663635 0.025731049478054047 0.02473004162311554
13 0.19278155267238617 0.620560348033905 0.017034439370036125 0.027550537139177322
4 0.28959691524505615 0.12615202367305756 0.017781341448426247 0.022291818633675575
4 0.20362383127212524 0.369414359331131 0.0181116946041584 0.02257641591131687
8 0.8328752517700195 0.5980139374732971 0.02242279052734375 0.02209855057299137
0 0.5415467023849487 0.365165114402771 0.021482421085238457 0.03113541752099991
12 0.8586357235908508 0.7256636023521423 0.018352538347244263 0.02133764699101448
12 0.7712109088897705 0.22207653522491455 0.01702166721224785 0.022966349497437477
0 0.21592216193675995 0.09618845582008362 0.02169036865234375 0.025786971673369408
4 0.24000249803066254 0.40634867548942566 0.01862611435353756 0.02439957670867443
4 0.707604169845581 0.6478500366210938 0.012951415963470936 0.02474316395819187
7 0.2240731120109558 0.3284439742565155 0.02217382751405239 0.0263317059725523
0 0.6089786291122437 0.2883966565132141 0.02338256873190403 0.027590882033109665
4 0.5617281198501587 0.36244457960128784 0.014005371369421482 0.02232373133301735
4 0.18972837924957275 0.22549013793468475 0.02075772173702717 0.02273217774927616
11 0.09961439588688947 0.4288774635818337 0.014138817480719818 0.036846615252785105
0 0.12660668380462725 0.6405312767780634 0.00899742930591259 0.021422450728363386
0 0.1812339331619537 0.5689802913453296 0.015424164524421614 0.0102827763496146
12 0.21336760925449874 0.6096829477292203 0.023136246786632418 0.031705227077977724
12 0.23136246786632392 0.5844044558697514 0.016709511568123395 0.023993144815766955
4 0.24260925449871465 0.5522707797772065 0.016066838046272486 0.016281062553556113
0 0.23618251928020567 0.5394173093401885 0.01863753213367609 0.021422450728363317
0 0.23618251928020562 0.3727506426735219 0.008354755784061717 0.018851756640959748
0 0.15938303341902313 0.13453299057412166 0.010282776349614392 0.02570694087403597
14 0.13239074550128535 0.143101970865467 0.0205655526992288 0.025706940874035987
0 0.2988431876606684 0.10454155955441304 0.011568123393316192 0.027420736932305054
0 0.2869537275064268 0.08097686375321338 0.012210796915167067 0.012853470437017993
8 0.33965295629820047 0.8041988003427591 0.01735218508997427 0.021422450728363174
0 0.21625964010282778 0.7943444730077122 0.009640102827763463 0.01713796058269068
4 0.24260925449871465 0.7849185946872322 0.010925449871465282 0.01713796058269068
12 0.5012853470437019 0.7784918594687232 0.030848329048843156 0.03513281919451586
12 0.4758997429305913 0.7553556126820908 0.01735218508997427 0.012853470437018046
12 0.6497429305912595 0.7476435304198801 0.014138817480719722 0.01799485861182518
5 0.6642030848329048 0.8067694944301629 0.018637532133676016 0.01799485861182518
12 0.7625321336760925 0.7823479005998286 0.025064267352185112 0.015424164524421542
12 0.7265424164524421 0.7956298200514139 0.012210796915167067 0.016281062553556182
0 0.7937017994858613 0.7227934875749785 0.01670951156812336 0.01799485861182518
6 0.7830976863753213 0.6752356469580119 0.022493573264781474 0.01713796058269068
12 0.7654241645244216 0.6323907455012854 0.026992287917737768 0.032562125107112365
12 0.8714652956298201 0.6550985432733505 0.012853470437017905 0.024850042844901454
1 0.6031491002570694 0.6289631533847472 0.017352185089974412 0.03598971722365036
12 0.4633676092544987 0.6285347043701799 0.026992287917737768 0.016281062553556255
11 0.4611182519280206 0.6730934018851756 0.025064267352185043 0.01799485861182518
4 0.5160668380462724 0.5419880034275921 0.024421593830334133 0.01799485861182525
4 0.5179948586118251 0.5784061696658097 0.017994858611825107 0.03941730934018849
0 0.3406169665809769 0.49143101970865466 0.012853470437017905 0.019708654670094177
0 0.30012853470437023 0.6079691516709511 0.011568123393316192 0.02485004284490138
12 0.2988431876606683 0.5779777206512425 0.01156812339331619 0.024850042844901454
0 0.3239074550128535 0.46272493573264784 0.015424164524421613 0.020565552699228818
0 0.42480719794344474 0.30119965724078834 0.00899742930591259 0.014567266495287043
8 0.4354113110539846 0.17866323907455012 0.021208226221079728 0.016281062553556148
0 0.4199871465295629 0.15509854327335046 0.005784061696658185 0.011996572407883441
0 0.4562982005141389 0.10025706940874037 0.015424164524421542 0.029134532990574124
12 0.5623393316195373 0.07455012853470437 0.019280205655527 0.023993144815766917
12 0.5764781491002571 0.13881748071979438 0.021850899742930512 0.01713796058269062
13 0.7368251928020565 0.3444730077120823 0.02249357326478133 0.025706940874035952
13 0.7589974293059126 0.2600685518423308 0.011568123393316228 0.028277634961439587
12 0.7140102827763496 0.1662382176520994 0.019280205655527 0.013710368466152544
14 0.7532133676092545 0.10197086546700945 0.015424164524421542 0.02913453299057414
0 0.7683161953727506 0.10796915167095116 0.010925449871465247 0.013710368466152527
8 0.842866323907455 0.32990574121679517 0.019922879177377836 0.022279348757497815
0 0.9145244215938303 0.3911739502999143 0.014138817480719722 0.021422450728363386
8 0.9466580976863753 0.4035989717223651 0.024421593830334137 0.015424164524421686
10 0.8692159383033419 0.4888603256212511 0.016066838046272524 0.021422450728363244
12 0.8075192802056554 0.5634104541559555 0.025064267352185112 0.019708654670094247
5 0.711439588688946 0.4391602399314482 0.021850899742930637 0.016281062553556113
8 0.7448586118251929 0.3821765209940017 0.014138817480719865 0.03427592116538129
5 0.7169023136246787 0.38260497000856897 0.01606683804627238 0.019708654670094247
8 0.6902313624678663 0.29648671808054844 0.012853470437018046 0.025706940874035987
0 0.699228791773779 0.2656383890317052 0.007712082262210771 0.006855184233076308
12 0.7850257069408741 0.32305055698371893 0.018637532133676016 0.018851756640959713
0 0.7776349614395887 0.299057412167952 0.012853470437018046 0.027420736932305054
12 0.3688946015424165 0.48414738646101113 0.020565552699228818 0.023993144815766882
10 0.33965295629820047 0.6113967437874893 0.01992287917737791 0.016281062553556113
12 0.3332262210796915 0.5951156812339332 0.02634961439588693 0.012853470437017905
8 0.6905526992287918 0.6525278491859469 0.014781491002570703 0.016281062553556182
6 0.6760925449871464 0.5368466152527849 0.0154241645244214 0.023136246786632456
12 0.6240359897172236 0.5741216795201372 0.01670951156812336 0.023993144815766955
