4 0.12339331619537276 0.8063410454155955 0.0231362467866324 0.022279348757497815
4 0.4023136246786633 0.8577549271636675 0.01799485861182518 0.022279348757497958
4 0.2808483290488432 0.49657240788346185 0.016709511568123434 0.026563838903170447
1 0.7111182519280206 0.11311053984575835 0.023778920308483293 0.02742073693230507
0 0.800771208226221 0.713796058269066 0.023136246786632314 0.03598971722365036
0 0.2988431876606684 0.8607540702656383 0.028277634961439587 0.02827763496143973
12 0.2940231362467866 0.8401885175664096 0.019922879177377874 0.01799485861182518
12 0.26638817480719795 0.8337617823479007 0.02249357326478144 0.020565552699228818
14 0.15745501285347044 0.8273350471293917 0.015424164524421578 0.03341902313624672
14 0.21561696658097687 0.8633247643530418 0.026349614395886897 0.029991431019708584
0 0.10539845758354754 0.6842330762639246 0.01928020565552698 0.024850042844901454
0 0.1359254498714653 0.7013710368466153 0.023778920308483296 0.011139674378748908
0 0.297879177377892 0.6996572407883462 0.014781491002570703 0.03341902313624672
0 0.10829048843187661 0.5526992287917739 0.021208226221079693 0.02570694087403602
12 0.15809768637532134 0.49528706083976004 0.026992287917737768 0.025706940874035952
13 0.144280205655527 0.48371893744644384 0.016066838046272503 0.031705227077977655
13 0.15616966580976865 0.45586975149957154 0.024421593830334203 0.015424164524421613
0 0.1269280205655527 0.28063410454155957 0.02249357326478149 0.024850042844901415
0 0.1580976863753213 0.12682090831191087 0.021850899742930578 0.030848329048843163
0 0.1776992287917738 0.5994001713796058 0.023778920308483293 0.036846615252785
13 0.1513496143958869 0.7630676949443017 0.025064267352185095 0.026563838903170447
7 0.21658097686375316 0.4661525278491858 0.026992287917737744 0.02913453299057395
0 0.18541131105398434 0.1525278491859469 0.028920308483290712 0.03598971722365038
12 0.2493573264781491 0.4095972579263068 0.023136246786632418 0.02742073693230502
0 0.23361182519280205 0.4241645244215938 0.027634961439588678 0.023993144815766955
12 0.3570051413881748 0.20779777206512423 0.027634961439588678 0.031705227077977724
0 0.3126606683804627 0.19408740359897173 0.018637532133676124 0.019708654670094247
0 0.2805269922879177 0.14224507283633248 0.01863753213367609 0.018851756640959713
7 0.29659383033419023 0.16195372750642675 0.01735218508997427 0.03084832904884319
0 0.3174807197943445 0.11396743787489289 0.02313624678663235 0.03427592116538131
0 0.4125964010282776 0.09254498714652955 0.020565552699228887 0.023993144815766917
4 0.3939588688946016 0.07754927163667524 0.024421593830334203 0.023136246786632394
7 0.42448586118251924 0.18808911739502998 0.021208226221079728 0.028277634961439587
0 0.4752570694087403 0.1383890317052271 0.022493573264781547 0.029991431019708675
0 0.39203084832904883 0.29648671808054844 0.01799485861182518 0.023993144815766917
0 0.4534061696658098 0.20822622107969152 0.014781491002570632 0.025706940874035987
13 0.2737789203084833 0.2960582690659812 0.020565552699228783 0.026563838903170486
13 0.45019280205655526 0.3813196229648672 0.022493573264781474 0.01713796058269061
13 0.47332904884318766 0.3988860325621251 0.016066838046272524 0.024850042844901454
13 0.4717223650385604 0.3864610111396744 0.01799485861182518 0.020565552699228818
13 0.44922879177377895 0.41431019708654665 0.02570694087403602 0.01456726649528707
0 0.3692159383033419 0.40488431876606684 0.021208226221079728 0.03513281919451586
0 0.25931876606683807 0.44473007712082263 0.025064267352185112 0.02570694087403602
0 0.2660668380462725 0.40102827763496146 0.01799485861182518 0.02742073693230509
0 0.2866323907455013 0.3813196229648671 0.019280205655527034 0.029134532990574086
12 0.2686375321336761 0.5856898029134533 0.02570694087403602 0.03856041131105407
0 0.3319408740359897 0.6066838046272494 0.027634961439588674 0.029134532990574086
0 0.256426735218509 0.773350471293916 0.02956298200514137 0.029991431019708584
0 0.41420308483290486 0.7527849185946873 0.021208226221079728 0.031705227077977724
0 0.3846401028277635 0.7013710368466153 0.023778920308483293 0.01970865467009432
0 0.46529562982005146 0.4301628106255356 0.023136246786632383 0.02913453299057416
0 0.502892030848329 0.41730934018851756 0.013496143958868884 0.03941730934018849
12 0.5224935732647814 0.39374464438731793 0.02313624678663238 0.021422450728363317
0 0.5073907455012852 0.29048843187660667 0.019922879177377877 0.03256212510711218
0 0.5912596401028277 0.1075407026563839 0.020565552699228818 0.03513281919451586
13 0.5077120822622108 0.18723221936589546 0.020565552699228818 0.019708654670094247
0 0.5751928020565553 0.41345329905741207 0.023136246786632394 0.03856041131105399
0 0.46272493573264784 0.7849185946872322 0.028277634961439587 0.025706940874035952
0 0.531491002570694 0.7343616109682948 0.021850899742930637 0.029134532990574086
0 0.5719794344473007 0.7352185089974292 0.02570694087403588 0.020565552699228818
13 0.5584832904884318 0.7022279348757499 0.019280205655526926 0.02656383890317059
0 0.5787275064267352 0.6083976006855184 0.031491002570693996 0.02570694087403602
11 0.4193444730077121 0.8457583547557843 0.014781491002570701 0.030848329048843413
0 0.43926735218508994 0.8234790059982862 0.01992287917737791 0.022279348757497815
0 0.643637532133676 0.797343616109683 0.021208226221079585 0.031705227077977724
0 0.7570694087403598 0.7604970008568981 0.017994858611825322 0.026563838903170447
0 0.5359897172236504 0.47429305912596403 0.028277634961439518 0.029991431019708657
0 0.5543059125964009 0.17694944301628104 0.01992287917737791 0.01799485861182518
7 0.602185089974293 0.21808054841473865 0.028277634961439587 0.019708654670094247
0 0.7435732647814909 0.22193658954584408 0.01413881748071972 0.03427592116538133
0 0.8017352185089974 0.19494430162810628 0.012210796915167067 0.031705227077977724
0 0.912917737789203 0.22150814053127676 0.023778920308483293 0.02485004284490149
0 0.9331619537275064 0.23264781491002573 0.028277634961439445 0.03513281919451586
13 0.8804627249357327 0.3500428449014567 0.03341902313624687 0.016281062553556182
13 0.9080976863753213 0.3346186803770351 0.024421593830334133 0.019708654670094247
13 0.8319408740359897 0.365038560411311 0.018637532133676016 0.023993144815767024
0 0.8958868894601543 0.4665809768637532 0.028277634961439587 0.036846615252784855
0 0.8701799485861182 0.5509854327335048 0.020565552699228818 0.02570694087403588
0 0.8049485861182519 0.5287060839760068 0.021208226221079655 0.037703513281919496
0 0.788560411311054 0.6229648671808055 0.019280205655526857 0.02742073693230509
0 0.7843830334190232 0.8864610111396743 0.0237789203084834 0.02485004284490162
0 0.7001928020565553 0.8920308483290489 0.019922879177377978 0.01713796058269068
13 0.6095758354755785 0.8431876606683804 0.014781491002570632 0.027420736932304946
0 0.6073264781491001 0.7862039417309339 0.024421593830334442 0.026563838903170302
0 0.3698586118251928 0.5171379605826907 0.02892030848329057 0.029991431019708727
0 0.6031491002570695 0.4695801199657241 0.021208226221079728 0.027420736932305085
13 0.6317480719794344 0.44173093401885183 0.023136246786632383 0.023136246786632383
13 0.6410668380462725 0.421165381319623 0.01606683804627245 0.03341902313624679
0 0.5857969151670952 0.37103684661525277 0.017352185089974412 0.02913453299057416
0 0.7490359897172236 0.3560411311053984 0.02892030848329057 0.02656383890317052
0 0.7046915167095116 0.3581833761782348 0.019922879177377836 0.025706940874035952
13 0.1609897172236504 0.4408740359897172 0.018637532133676107 0.02656383890317052
0 0.4023136246786633 0.4318766066838046 0.015424164524421542 0.02742073693230509
0 0.36728791773778924 0.4644387317909169 0.01735218508997434 0.03427592116538136
14 0.4942159383033419 0.3084832904884319 0.019280205655527 0.023993144815766955
0 0.49871465295629813 0.2703513281919452 0.02313624678663238 0.019708654670094247
13 0.40841902313624673 0.6786632390745502 0.014781491002570632 0.023993144815767097
13 0.46272493573264784 0.6812339331619538 0.011568123393316228 0.029134532990574228
13 0.4437660668380463 0.6255355612682091 0.014781491002570703 0.027420736932304946
13 0.6494215938303342 0.5475578406169666 0.019922879177377836 0.022279348757497815
0 0.6883033419023136 0.6940874035989717 0.025706940874035952 0.030848329048843225
0 0.7130462724935732 0.6949443016281063 0.014781491002570703 0.02570694087403609
0 0.6876606683804627 0.8114824335904026 0.024421593830334133 0.029134532990574228
0 0.6998714652956299 0.8333333333333333 0.017994858611825388 0.02313624678663261
4 0.7538560411311053 0.6859468723221938 0.014138817480719722 0.02485004284490131
0 0.8926735218508998 0.6143958868894601 0.021850899742930495 0.029134532990574086
7 0.877892030848329 0.4335904027420737 0.020565552699228676 0.02742073693230502
0 0.7956298200514138 0.2819194515852613 0.021850899742930637 0.03598971722365036
