4 0.7447697520256042 0.3525809645652771 0.018083618953824043 0.02231599949300289
4 0.13203662633895874 0.37079572677612305 0.018989326432347298 0.023045532405376434
4 0.5574862957000732 0.14664307236671448 0.017937133088707924 0.022409433498978615
4 0.37568435072898865 0.5906019806861877 0.013993591070175171 0.02096683718264103
8 0.4402396082878113 0.8250511288642883 0.020407959818840027 0.027002522721886635
4 0.8704674243927002 0.5522135496139526 0.01791650429368019 0.020884724333882332
13 0.35794728994369507 0.14036817848682404 0.014373351819813251 0.02307039313018322
8 0.3491409420967102 0.3304901123046875 0.01805981434881687 0.02208390273153782
11 0.40242698788642883 0.6299437880516052 0.02077389508485794 0.02662951685488224
4 0.1793576031923294 0.27670636773109436 0.01422506757080555 0.01813354529440403
4 0.2940016984939575 0.7175538539886475 0.015626922249794006 0.021107666194438934
4 0.8160443305969238 0.5143251419067383 0.015171813778579235 0.019105875864624977
9 0.849851667881012 0.545423150062561 0.021396666765213013 0.02923966385424137
7 0.6172558665275574 0.14855839312076569 0.02019805833697319 0.023700399324297905
8 0.49753570556640625 0.554945170879364 0.02121792547404766 0.027831746265292168
7 0.7147800326347351 0.5485671162605286 0.01793963648378849 0.02142561785876751
12 0.3045341670513153 0.15456518530845642 0.016502106562256813 0.017944935709238052
4 0.6584581732749939 0.6252945065498352 0.012321533635258675 0.01797330752015114
7 0.33034980297088623 0.1497781127691269 0.019881194457411766 0.02121887169778347
7 0.6398968696594238 0.6325328946113586 0.025695251300930977 0.03181074932217598
10 0.6834989568568135 0.2268939002288542 0.0158666537686761 0.024427571344319377
14 0.7778512348246143 0.7071515647590724 0.013977089303050208 0.02534021066714037
5 0.29113110539845755 0.6238217652099399 0.019280205655526964 0.030848329048843156
12 0.2789203084832905 0.30248500428449016 0.020565552699228818 0.018851756640959713
4 0.2596401028277635 0.35047129391602394 0.017994858611825214 0.02913453299057416
10 0.34383033419023135 0.3470437017994859 0.021850899742930564 0.025706940874035952
12 0.23971722365038559 0.5227077977720651 0.024421593830334168 0.01713796058269068
8 0.35443444730077117 0.2960582690659812 0.01735218508997434 0.026563838903170486
11 0.12178663239074551 0.5672664952870607 0.021208226221079693 0.02742073693230502
0 0.6458868894601543 0.22193658954584408 0.0064267352185089525 0.01371036846615251
0 0.8544344473007712 0.3277634961439589 0.013496143958868884 0.014567266495287043
0 0.8419023136246787 0.1293916023993145 0.011568123393316086 0.015424164524421595
0 0.75 0.44558697514995715 0.016709511568123503 0.02742073693230509
12 0.6709511568123393 0.6696658097686375 0.01799485861182518 0.019708654670094177
12 0.7345758354755784 0.667952013710368 0.02442159383033389 0.023136246786632307
12 0.8605398457583547 0.6700942587832048 0.01670951156812336 0.020565552699228818
0 0.8547557840616966 0.7215081405312768 0.02056555269922896 0.023993144815766813
14 0.8046272493573263 0.7519280205655526 0.021850899742930637 0.016281062553556182
12 0.7943444730077122 0.7206512425021423 0.020565552699228676 0.02570694087403581
0 0.44023136246786637 0.7206512425021424 0.011568123393316228 0.015424164524421686
12 0.35829048843187666 0.7583547557840618 0.013496143958868884 0.01885175664095968
0 0.3419023136246787 0.8157669237360754 0.012853470437017976 0.013710368466152544
0 0.2532133676092545 0.7343616109682948 0.010282776349614373 0.015424164524421542
12 0.16548843187660667 0.662382176520994 0.010925449871465282 0.029134532990574086
14 0.15359897172236503 0.6131105398457584 0.019280205655527 0.036846615252784855
5 0.18701799485861184 0.6126820908311911 0.019280205655527 0.01542416452442147
4 0.29113110539845766 0.5424164524421593 0.016709511568123395 0.018851756640959748
4 0.3836760925449872 0.41431019708654676 0.021850899742930637 0.016281062553556113
4 0.3258354755784062 0.4378748928877464 0.016709511568123468 0.018851756640959748
13 0.2847043701799486 0.43316195372750643 0.024421593830334203 0.016281062553556113
0 0.19826478149100257 0.37574978577549273 0.014781491002570703 0.014567266495287043
0 0.17898457583547558 0.3783204798628963 0.0096401028277635 0.012853470437018046
12 0.15552699228791772 0.43873179091688086 0.01285347043701801 0.022279348757497815
13 0.14910025706940874 0.4284490145672665 0.0231362467866324 0.01713796058269061
0 0.16034704370179947 0.40445586975149955 0.016066838046272503 0.013710368466152544
14 0.1818766066838046 0.3538988860325621 0.0218508997429306 0.02913453299057416
5 0.1969794344473008 0.25192802056555264 0.023778920308483328 0.023993144815766955
0 0.2988431876606684 0.24293059125964012 0.024421593830334237 0.03341902313624679
0 0.3181233933161954 0.2189374464438732 0.014138817480719759 0.012853470437017976
0 0.3791773778920309 0.143101970865467 0.007712082262210842 0.015424164524421613
0 0.3958868894601542 0.1443873179091688 0.007712082262210771 0.014567266495287043
4 0.5571979434447302 0.33547557840616965 0.016709511568123434 0.016281062553556182
11 0.6008997429305912 0.27934875749785776 0.019280205655527 0.027420736932305054
11 0.7538560411311053 0.16966580976863754 0.021850899742930637 0.01713796058269068
0 0.634318766066838 0.15809768637532134 0.011568123393316157 0.021422450728363334
12 0.8075192802056554 0.4665809768637532 0.012210796915167209 0.01799485861182518
0 0.8290488431876608 0.4687232219365896 0.012853470437018046 0.020565552699228745
0 0.3419023136246787 0.512853470437018 0.012853470437017976 0.011139674378748837
0 0.3508997429305913 0.5432733504712939 0.012853470437017976 0.01713796058269068
5 0.5649100257069408 0.7283633247643531 0.021850899742930637 0.023993144815766813
0 0.6577763496143959 0.7283633247643531 0.014781491002570703 0.023993144815766813
0 0.7275064267352185 0.7206512425021423 0.015424164524421542 0.015424164524421542
11 0.8444730077120823 0.6259640102827764 0.01799485861182518 0.026563838903170447
0 0.887210796915167 0.5124250214224507 0.025064267352185254 0.02742073693230516
12 0.4974293059125964 0.43873179091688086 0.020565552699228818 0.023993144815766882
0 0.294987146529563 0.47643530419880037 0.014138817480719794 0.015424164524421613
12 0.46850899742930596 0.5497000856898029 0.014138817480719794 0.016281062553556113
0 0.3958868894601542 0.5775492716366752 0.015424164524421542 0.020565552699228818
8 0.4077763496143959 0.5411311053984577 0.01863753213367609 0.02656383890317052
12 0.2551413881748072 0.2917737789203085 0.019280205655527 0.024850042844901454
13 0.26413881748071977 0.22022279348757498 0.024421593830334203 0.011996572407883477
11 0.3091259640102828 0.1739502999143102 0.019280205655526926 0.02570694087403602
0 0.384961439588689 0.7360754070265638 0.008997429305912661 0.015424164524421542
12 0.3910668380462725 0.7095115681233933 0.014781491002570632 0.023993144815766813
0 0.42544987146529567 0.6572407883461868 0.01799485861182518 0.015424164524421542
0 0.5096401028277636 0.7472150814053129 0.008997429305912519 0.010282776349614409
0 0.5947943444730077 0.651242502142245 0.014781491002570774 0.01713796058269068
0 0.6034704370179949 0.7999143101970866 0.014138817480719722 0.016281062553556182
0 0.6298200514138818 0.7604970008568981 0.010282776349614409 0.009425878320479768
