4 0.5683674216270447 0.20445267856121063 0.020431824028491974 0.02582244947552681
8 0.26586711406707764 0.6079766154289246 0.020901763811707497 0.0269828699529171
7 0.29423969984054565 0.3426187336444855 0.02227395586669445 0.02464994229376316
7 0.7198882102966309 0.4484303891658783 0.02136346511542797 0.02240828424692154
12 0.6307458281517029 0.41960203647613525 0.01468218956142664 0.021731078624725342
4 0.32712697982788086 0.1536857932806015 0.020281372591853142 0.02375088445842266
7 0.8114898204803467 0.417143315076828 0.019322387874126434 0.0242767333984375
4 0.6889724135398865 0.7549686431884766 0.015297607518732548 0.021998371928930283
4 0.6818625330924988 0.35342642664909363 0.014556152746081352 0.020146973431110382
4 0.8398929238319397 0.677051842212677 0.013684875331819057 0.01705920323729515
7 0.7874823808670044 0.6165521144866943 0.018529541790485382 0.02188134752213955
7 0.7844812273979187 0.5026953816413879 0.01829339563846588 0.021144693717360497
4 0.241097554564476 0.3254433274269104 0.015511414036154747 0.01978226751089096
7 0.34019574522972107 0.4176560044288635 0.02297317422926426 0.02292289212346077
4 0.2696205973625183 0.5369067192077637 0.014210968278348446 0.01894250512123108
4 0.7759053707122803 0.20438207685947418 0.0153043819591403 0.019499938935041428
0 0.8778343796730042 0.18881855905056 0.022302977740764618 0.025551412254571915
12 0.8212921023368835 0.747107744216919 0.01992150954902172 0.021936116740107536
7 0.6510036587715149 0.29742175340652466 0.017850035801529884 0.025806620717048645
10 0.17784166738275997 0.6049644621192845 0.01917577408024319 0.02931331472683655
4 0.34657150506973267 0.6899658441543579 0.017262084409594536 0.02063574269413948
7 0.4179847538471222 0.5620923638343811 0.0182652585208416 0.02304687537252903
7 0.1158149242401123 0.2913508415222168 0.020830489695072174 0.02394028753042221
12 0.09408358626240015 0.34028392483663034 0.020156574394831588 0.02145433077954174
4 0.061216503381729126 0.5453952550888062 0.014386710710823536 0.02053934708237648
12 0.42308694936315944 0.14508192230976838 0.014190006479237582 0.029883529786611147
7 0.5885128378868103 0.32400432229042053 0.01770935021340847 0.02300897240638733
12 0.7458066344261169 0.7026839256286621 0.015422546304762363 0.020284831523895264
12 0.38781504735235695 0.14555839657936737 0.018490959552612204 0.024958170500313407
4 0.36000770330429077 0.768417477607727 0.015816498547792435 0.022289305925369263
4 0.31620797514915466 0.22472861409187317 0.015730468556284904 0.02221081592142582
0 0.22403192520141602 0.473213791847229 0.017125412821769714 0.02365047112107277
0 0.5758870840072631 0.681278656922351 0.01787225343287005 0.018919951722166237
0 0.1544325202703476 0.13892923295497894 0.022519882768392563 0.024741780012845993
12 0.20133783608904832 0.5755401795096343 0.02334408580797183 0.023900660000671353
0 0.9034264412514652 0.43431003242348043 0.011735443475926454 0.013304386492227909
4 0.34671550989151 0.13153201341629028 0.013336394913494587 0.017766397446393967
12 0.6529143290225522 0.18971162756079782 0.016154853514561064 0.02708654852796284
7 0.7024757266044617 0.5793085098266602 0.020236754789948463 0.02349344827234745
12 0.15199228791773778 0.31362467866323906 0.017352185089974305 0.020565552699228783
12 0.11760925449871465 0.38389031705227084 0.02185089974293058 0.020565552699228745
0 0.08804627249357326 0.38389031705227084 0.016709511568123395 0.013710368466152473
4 0.3033419023136247 0.18594687232219365 0.01285347043701801 0.025706940874035987
0 0.5472365038560412 0.12253641816623823 0.022493573264781474 0.015424164524421595
13 0.6764138817480719 0.13710368466152528 0.01863753213367616 0.03427592116538133
4 0.13367609254498716 0.6722365038560412 0.01285347043701799 0.01970865467009432
0 0.04884318766066838 0.5676949443016281 0.012853470437017993 0.012853470437018046
14 0.08676092544987146 0.47643530419880037 0.0231362467866324 0.020565552699228818
8 0.4855398457583548 0.6709511568123393 0.014781491002570703 0.01885175664095982
4 0.39524421593830333 0.4974293059125964 0.019280205655527 0.021422450728363244
14 0.37146529562982006 0.2523564695801199 0.01799485861182518 0.019708654670094247
0 0.6237146529562981 0.7896315338474722 0.01992287917737791 0.01970865467009432
0 0.6481362467866325 0.8041988003427594 0.014781491002570845 0.012853470437018046
0 0.8020565552699227 0.7609254498714654 0.015424164524421682 0.01885175664095982
0 0.4087403598971722 0.5874035989717225 0.012853470437018046 0.01799485861182518
4 0.5016066838046273 0.5042844901456727 0.010925449871465247 0.02485004284490138
0 0.5719794344473007 0.7433590402742073 0.011568123393316157 0.014567266495287043
0 0.7757069408740361 0.467866323907455 0.012853470437018046 0.015424164524421613
4 0.37757069408740357 0.23479005998286204 0.014781491002570703 0.018851756640959713
0 0.5748714652956298 0.5389888603256213 0.005784061696658043 0.013710368466152473
12 0.550771208226221 0.5004284490145673 0.014138817480719722 0.022279348757497815
0 0.6044344473007712 0.43958868894601544 0.016066838046272524 0.020565552699228818
14 0.5732647814910026 0.3791773778920309 0.014138817480719794 0.023136246786632383
14 0.5610539845758354 0.39417309340188517 0.015424164524421613 0.015424164524421542
12 0.8412596401028278 0.12296486718080547 0.01670951156812336 0.021422450728363317
6 0.8888174807197945 0.47257926306769493 0.019280205655527 0.024850042844901454
0 0.4897172236503856 0.5955441302485004 0.010282776349614409 0.011996572407883477
13 0.4910025706940874 0.5711225364181662 0.010282776349614409 0.019708654670094177
0 0.5539845758354756 0.63324764353042 0.010282776349614409 0.010282776349614409
14 0.224293059125964 0.5338474721508141 0.014138817480719794 0.03256212510711215
0 0.20533419023136246 0.5034275921165381 0.010925449871465319 0.011139674378748979
0 0.22943444730077123 0.49957155098543266 0.00899742930591259 0.022279348757497885
13 0.1928020565552699 0.19065981148243363 0.012853470437017988 0.02656383890317056
14 0.6446015424164524 0.5167095115681234 0.016709511568123434 0.02570694087403602
0 0.702120822622108 0.46015424164524427 0.0173521850899742 0.013710368466152544
0 0.6304627249357326 0.31919451585261355 0.011568123393316228 0.016281062553556075
14 0.6134318766066837 0.3269065981148243 0.014781491002570632 0.02485004284490149
12 0.6227506426735219 0.34147386461011137 0.014138817480719794 0.012853470437017976
0 0.9161311053984577 0.3384747215081405 0.0173521850899742 0.029134532990574086
4 0.14363753213367608 0.25149957155098546 0.0109254498714653 0.019708654670094247
0 0.06748071979434447 0.5252784918594687 0.01670951156812339 0.013710368466152615
12 0.1172879177377892 0.5389888603256212 0.023778920308483276 0.020565552699228745
12 0.2474293059125964 0.30591259640102825 0.01670951156812336 0.020565552699228818
