4 0.7791892290115356 0.24955147504806519 0.02129174768924713 0.0244318637996912
4 0.8899259567260742 0.5992372035980225 0.02048986777663231 0.02425052970647812
4 0.7951930165290833 0.34259888529777527 0.01663629151880741 0.024507325142621994
10 0.22782219544167995 0.8010561358959326 0.02155013255545137 0.03092209904773062
4 0.31816065311431885 0.14287985861301422 0.018541473895311356 0.02517629973590374
12 0.7098430991172787 0.7406821305565887 0.016492309048771855 0.021791488178004036
4 0.10514799505472183 0.6410083770751953 0.022375579923391342 0.02070564776659012
4 0.05581328645348549 0.5411661267280579 0.014687038026750088 0.019443238154053688
4 0.4860425293445587 0.6064597368240356 0.015446197241544724 0.01831001788377762
12 0.1441952884197235 0.5021738409996033 0.016465866938233376 0.02006860263645649
14 0.4791000485420227 0.7694405913352966 0.01843167096376419 0.02268904633820057
7 0.2719515562057495 0.612817645072937 0.019764281809329987 0.026935342699289322
5 0.15710105001926422 0.40913525223731995 0.021057555451989174 0.02706030197441578
7 0.23554979264736176 0.5773741006851196 0.01966152898967266 0.02402864582836628
4 0.6215025186538696 0.7533448934555054 0.016084106639027596 0.02077229879796505
4 0.3558872640132904 0.8155205249786377 0.016951844096183777 0.023371906951069832
14 0.5959165096282959 0.7182252407073975 0.019719421863555908 0.021227294579148293
4 0.5623509287834167 0.7551372051239014 0.01575341820716858 0.02473169006407261
4 0.2405671775341034 0.38331934809684753 0.013407043181359768 0.019806193187832832
12 0.36754292249679565 0.718977689743042 0.01620986871421337 0.020711099728941917
8 0.3934151232242584 0.40922901034355164 0.018958739936351776 0.023556029424071312
7 0.8375477194786072 0.6587122678756714 0.019652893766760826 0.0229694414883852
4 0.7745331525802612 0.14541283249855042 0.014627929776906967 0.019145650789141655
0 0.06809055805206299 0.6230211853981018 0.021373871713876724 0.01696801744401455
7 0.3515160381793976 0.23023423552513123 0.019814178347587585 0.02444852702319622
8 0.11513292044401169 0.2714795470237732 0.018721748143434525 0.02087506093084812
7 0.18751230835914612 0.6059141755104065 0.020004363730549812 0.02598063088953495
7 0.6413114070892334 0.5642887949943542 0.01846795715391636 0.0228724367916584
5 0.2010570466518402 0.7161357402801514 0.018782561644911766 0.02626863680779934
0 0.9180734753608704 0.3216151569322735 0.02145654335618019 0.02146148681640625
12 0.5019280205655526 0.6255355612682091 0.016709511568123434 0.020565552699228818
0 0.29113110539845755 0.4747215081405313 0.01413881748071983 0.01713796058269068
4 0.16998714652956298 0.6203941730934018 0.012210796915167067 0.023993144815766955
12 0.25578406169665807 0.6790916880891174 0.012853470437017976 0.024850042844901454
12 0.2753856041131106 0.7245072836332477 0.014781491002570703 0.012853470437018046
12 0.14620822622107968 0.2699228791773779 0.018637532133676107 0.022279348757497815
4 0.1519922879177378 0.2904884318766067 0.009640102827763482 0.015424164524421578
12 0.4582262210796915 0.3016281062553556 0.014138817480719722 0.020565552699228818
0 0.2741002570694087 0.1958011996572408 0.009640102827763463 0.011139674378748942
5 0.2551413881748072 0.2592116538131963 0.019280205655527 0.01799485861182518
0 0.6674164524421593 0.18508997429305915 0.01478149100257056 0.023993144815766917
10 0.4077763496143959 0.13196229648671806 0.014781491002570703 0.023993144815766934
0 0.8348329048843187 0.15938303341902313 0.014138817480719865 0.013710368466152527
0 0.8804627249357327 0.19194515852613542 0.012853470437018046 0.010282776349614373
0 0.9068123393316195 0.3016281062553556 0.011568123393316228 0.01713796058269061
0 0.9276992287917739 0.2759211653813196 0.00964010282776357 0.020565552699228745
10 0.7496786632390746 0.305484147386461 0.019922879177377978 0.017994858611825145
0 0.7525706940874036 0.27249357326478146 0.011568123393316228 0.017137960582690646
0 0.8329048843187661 0.4687232219365896 0.015424164524421542 0.011996572407883477
0 0.8380462724935733 0.45072836332476435 0.010282776349614409 0.010282776349614409
0 0.5607326478149101 0.48843187660668386 0.012210796915167138 0.013710368466152544
0 0.19890745501285345 0.310197086546701 0.010925449871465282 0.015424164524421578
0 0.09061696658097686 0.3706083976006855 0.011568123393316192 0.016281062553556113
0 0.06812339331619537 0.5119965724078834 0.012853470437018002 0.014567266495287043
0 0.18991002570694085 0.523993144815767 0.010925449871465282 0.016281062553556255
0 0.25578406169665807 0.49614395886889456 0.012853470437017976 0.010282776349614338
0 0.2056555269922879 0.2634961439588689 0.007712082262210806 0.011139674378748979
0 0.28084832904884316 0.27934875749785776 0.011568123393316192 0.011996572407883441
14 0.288560411311054 0.21636675235646957 0.016709511568123395 0.01799485861182518
4 0.2843830334190231 0.20179948586118251 0.01863753213367609 0.01285347043701801
0 0.2737789203084833 0.17352185089974295 0.017994858611825214 0.021422450728363317
4 0.3615038560411311 0.2455012853470437 0.014781491002570703 0.019708654670094285
4 0.37660668380462725 0.24635818337617826 0.01670951156812336 0.02485004284490149
0 0.384961439588689 0.20051413881748073 0.015424164524421613 0.015424164524421613
0 0.4942159383033419 0.3397600685518424 0.014138817480719794 0.016281062553556113
0 0.5533419023136247 0.11353898886032562 0.011568123393316228 0.021422450728363317
0 0.38303341902313626 0.29434447300771205 0.012853470437018046 0.012853470437017976
0 0.4068123393316195 0.21293916023993148 0.016709511568123434 0.017994858611825214
13 0.6365681233933163 0.2339331619537275 0.021208226221079655 0.025706940874035987
5 0.49710796915167094 0.20265638389031707 0.013496143958868953 0.017994858611825214
13 0.5012853470437019 0.476006855184233 0.020565552699228745 0.028277634961439587
0 0.38656812339331625 0.6923736075407027 0.010925449871465319 0.01713796058269068
4 0.6018637532133675 0.7823479005998286 0.012210796915166995 0.011996572407883406
0 0.6532776349614395 0.7917737789203084 0.01735218508997434 0.01713796058269054
0 0.6699871465295629 0.7673521850899744 0.007069408740359932 0.01970865467009432
0 0.8338688946015423 0.7849185946872322 0.013496143958868884 0.01713796058269068
0 0.8348329048843187 0.4070265638389031 0.00899742930591259 0.011996572407883477
12 0.5363110539845758 0.3016281062553556 0.01735218508997427 0.01713796058269061
4 0.7066195372750643 0.2699228791773779 0.01735218508997434 0.018851756640959713
8 0.6892673521850899 0.3461868037703513 0.01735218508997434 0.020565552699228818
8 0.8158740359897172 0.37703513281919454 0.019922879177377836 0.023993144815766882
14 0.6394601542416453 0.47514995715509856 0.01670951156812336 0.021422450728363317
0 0.5591259640102826 0.1499571550985433 0.01542416452442168 0.015424164524421557
4 0.41580976863753216 0.5861182519280205 0.019280205655527 0.02742073693230509
8 0.3595758354755785 0.639674378748929 0.01863753213367609 0.01799485861182518
13 0.4408740359897172 0.7386461011139674 0.014138817480719794 0.020565552699228818
6 0.622107969151671 0.6452442159383034 0.015424164524421684 0.022279348757497885
6 0.6356041131105399 0.6538131962296486 0.012853470437018046 0.03598971722365036
8 0.6034704370179949 0.6006855184233076 0.011568123393316228 0.018851756640959748
6 0.21401028277634965 0.42245072836332476 0.0218508997429306 0.01885175664095968
12 0.13303341902313623 0.31405312767780635 0.015424164524421595 0.016281062553556148
12 0.20533419023136246 0.5942587832047986 0.014781491002570703 0.029991431019708657
0 0.04434447300771208 0.5475578406169666 0.011568123393316197 0.015424164524421613
