0 0.27459320425987244 0.810623049736023 0.01812777668237686 0.02484383061528206
0 0.5362790389355166 0.547043610814298 0.02087133750319481 0.025358764454722404
0 0.7546031421438281 0.5842673941463513 0.022443054243922234 0.02314542606472969
0 0.28681224837401215 0.18670191556445118 0.022835304366860484 0.032285822351122415
0 0.12878938019275665 0.641014814376831 0.01908651739358902 0.027365438640117645
13 0.3322622107969152 0.21979434447300772 0.020565552699228818 0.024850042844901454
0 0.2204370179948586 0.46829477292202226 0.024421593830334168 0.01799485861182518
0 0.5803341902313625 0.6666666666666665 0.019280205655527 0.029134532990574228
0 0.4865038560411311 0.44001713796058267 0.019280205655527 0.03341902313624679
13 0.580655526992288 0.4125964010282776 0.022493573264781474 0.01799485861182525
0 0.5812982005141388 0.31405312767780635 0.025064267352185043 0.024850042844901454
0 0.6568123393316195 0.6598114824335903 0.020565552699228818 0.030848329048843225
